·· 1-11 01111. 1,

101101071011110171777, ω, Munna. 1117111

monmur482, 10 748,7.706,7,77,4.0107111777,17
14071101877,6 ι 618,.6 710,.7 807,7 mug'50m55m55275
1101101170 5o,5. .77.7,1 777, 0101111787, 7 -01071110 870,1
7 0101111678, 4 · 0071101118,
⁴ 0000101716,11,747,1 0010111707 741,7 1111111778 1
1007171777, 70 710,7» »787, 10010110678,7, 11111117 778610
0101111077, 7. 777, 80·- 0101011176,
1001161467,1.877,7 707, 7 · ·1001101870,11
1110111711, 7 010111111878,7 7101611487, 7

, 1001111701,1 ¹ 000117601177, 777, ς 01011761, 7

mut& 787,7. 701,7 100011877686781118670 muliebrem 484, 7
1110161176, 6. 671,7. 6604, mortanum 747 7 0017161401, 1, 7

717,7, 771,7 0016114771878. 50422· 0101101147, 2'52, 1· 187,
1111611111, 1·-111,1616, 161,1·111,1 11111· 1101· ,1111-

76·61911611,1,1·111, 1111111111μ11116μ1111ν1 1101111, 1· 1111·
’1681 morti 108, 6. 107. 5 416, 687, 7708, 10. 710, 8.

1001601841, 8 17.667,7.877,11,,8174

morbum 7647 777, 1. 867, 6100161611677, 70 0118110110467,7
11 mortibus 740, 7 010111 860117

0060107111717, 17 01011117,7 mu· ..6 77717. 1718117676, 1 .

mordacem 807 8 6777 8778. 714,7 mulo 578, 7,

mordaces 76 1 1001111670,7 1110110677, 5

0716011787, 5 mortuos 474, 10 . 771111,617.77.1.111,7.771,“
0016117707 0101010700, 11 7 8760,,7 768,7. 787,7,
mm» 1 · 11111161 1601· 1111, 11811111 ·
mordent 677 7 ,.,,11, 552, 5. 777, 6. 111010 8911878, 11

1110470774, 5 771, ,.7 70710 01011ιὶ11011, ibid.
100161111Μο ⁴ 8101117477 01111111171477, 7

16111811, . ‘ 8168818, .., ., 12:21: 8888 “⁶¹⁹ ἰ ‘

1771170717787670417, 1001011871, 14 : · 0011171011 5,857
100607,10.667,7.761,4 0101010777, mn · 010116101017771

more 11111017 740,7 τ1001011111101881. m 1 010111711111176,7.116.71

1001101101, 71777 764, 010101167111118117177 177, 7, 515, 6,7. 4777,
771774,7,,61811,847,4 1001017111188, 4 407,7.471,17, 77717,

1001110,66,,818,701010 2 · 6,.1607,8.,678

111010111561Ξ614876796,16 100811ΐῖ7, ⁶¹- · 774, 7. ,7776788 851,9⁸

”2¹:23⁷ 71, 11,, 1117116 1611 ,,11,1,.,,,.,1..,, ,.
716, 8. 777, 6, 810, 7, 0111004877 . 100111106161011401 71101707,

01186140131448373 8⁸7 4 · 355555525895 10 0118110 716 8, 76778. ,77771
1110111767 147,7,170,1. 0011017171411. 711,5 01011111011110178788

- 6. 7077. 7177777, 81 00110111140, 5· 1111111177,7187.7.407,7,

166 14- 1906 1161,1114014 {⁹1:02³ 1,1·761,1 111, 1 , ·
10010 7107110160110 816100- 0101111101011 1 1101101010· multi255,4. 1610171 7,

,1118118746 7 digna 867, n ,71),11 7788. 687, 6. 777,
- mfflssoffqgoss, 4. 817,1 ἓὲἶὲἰῖρςῗιῐῲἨ 001105619481586813680871 3
010110001716,10 0101017777, 5. 85575- 717, 7. 417, 4. 7067 1
177170067741807, 10 0011111714, 8 ,7177 60141
0011110180710 · 01011167, 8, 761, 1 11010776, 1. 761, 76477.
0101716771 < 1110111141,1,764,.7 800, 8 646, 7. 80710
17011011 ¹594 010101186411 711,1 010116101001807, 10 ·

0171111110 1074 1110111167, 7,.,4774,4488,87 0101101110 798 7 777, 7,
01010171ομ1 747, 6. 777, 5, mox5, om, 8 147,1178, 8871

6111 1 16111110 1161· 1111111116 1161
1001011407 771,.7 516, 7 ⁶5515· 010111,110717 ‘gum 478,
0010100670, 7¹ , , 7176 , , 1.487,6.,6,77 1. 714777.
mul

 

 

