xnnssx'-

pnpiszfqmy88,1o.853.51. §xxxi
7171617187 7141166367 141 ’

1141141141 79 11 71111176 7
1. 4111111
1811184747 466 3 71118117061 661, 7
71141171659,1 7144448467 1441441 5614617, 7
piscem 177, 4 7171441447 7141744614, 1. 6771
71144447581 platanum 4 71411414 776 7
71144444471186447. 7117486414 71774714471ο
333¹ 6771· 1744 111111· 14441711 1111117441· 111. ¹
„31⁴0 ⁷¹ 7174141867, 7 717411411177, 1. 77. s
18141111 ⁶⁷⁶⁷ 113141· .. 1111141. ..11

7141411119 9,5 477
7114111568, 4 Ρ1441111414896, 3 619ζ1686687,8.6ζ,6.
Pisone· 87 7 6 8778 1114444417 94714. ‚nm
9141411444 6477 11144144 874 7, 8467 71414147, 1, 1467318. 7474.

7111111141.4·714.1 41111141 7141 177. 61144447
71441976, 744, u 1411141114 848 1 651,10065,3.

7144784114 876 7 711111116751 9· 61616· 6614 9·
mmmm fflwsws 4

118111ξῖ1 ⁶³⁹’' 118813ῗῖ9 Ἰἳζῗδζῖῗ ⁸⁵2³?st
71447717 ο7074167 ’ 31e6311333176. 1747. 1411, 7141441764, snm-808,
111114· 1111111 1114711·
7144446147 '¹ 71711487411411μ11146·11111116166771414114
717444148711. 767. 7 661.·ς 914116159816

714446119447 714741197,7 7141448, 8. 71611471 7.
4111111114 4 7111177711 411. 1 411. 4·
7144441448, 3 714114471414. 86614 7541. 847, 7. 417 1
7144441414, 6 7141411417· 7141 equo 54417716.
7144441144 7177 7141116111 767, 7

7144441117767 7141844441. 774 7144464687, u
7144,44775 7617, 7114ῐύ144448 ιο 7174411147θ,4.147,1,774
71,44114848 1 71444454, 5. 717 7 ,711,11.

ι141111111111111·111.1 711 1 i’3⁹⁰⁰ 233· 111ἰ141111 1417411141·
111411466617181, 7 6161166067001711641837174), 71114111114764171614168

7814471874,111414444ο5,6
7744144777, 1 71447141411ι9ιο, 14 9141441444, 4,7

71441441499, 4 714741445, 4, 647, 3. .844, 7111111455, 8
7141747471. 6747 8 71411414441417 7,16

7. 784,7, 7141414746 ιο, 7 7147147441446474

ν 7144744ιὸ47 497,1 71444418761 8766 7147141441411874,8

41141· 17114 . 1111111411.1

7144416619 89, 4146, 4. 876, mitra-31} 12832'. 7487, 3: 7441471747, ,4. 454, 44.

7141411471. 57611. 6871 16. 861,11.874,4. 7417411594,4
11447 4141 14 4 41111141.·1111·.1 444·
7174441844, 4411767. .477, 7141441744, 16 846,14.8.74.11.867,14
44 748, 3 7147414614, 5 68741
1 71711 771768478861, 14 71444144171, ⁴8 7461114141ω7ω77746
7147147144 8744447444. 7144176668 om 74447844, 4 7444. 784.
444 4 4111411447 ιο 1444

 

