t

fluam 60, 10 ”⁸⁸ 40
fluentem 464, 9
7161161584, 5
7111111666, 6

61111111 545, 7
61161797, 5
6111111166 4, 7,
6111116817, 9

flumen 171,1. 187, 1. 415,

6. 584,1. 641, 7. 666, 8.
874, 8

INDEX

2

6611161611 516, 15

tontis 745, 6

1616161416.. 897, 1

66111751, 1. 761,5

fote, i. 5111116 514, 4

6611517957. 477, 16. 568, 1.
66661616

61116111 894, 5

flumina 58, 4. 118, 4. 157, 6611661766,
‚tmfflmvwfflwwmwt

wmwm⁶
6116661167, 4. 516, 11
66111ἰηί114, 4. 556, 5
6111161115ωό
6111ἰί469, 7
fluviis 86, 4. 167, 6
1161111645, 11, 17
6611117469
Mwwmz
focalia 661, 5
66617864
soto 78, 5
6011114161
s⁰⁶¹¹⁸ 7491 8
6666117571
66111661 177, 1. 556, 6. 666,
1. 6851
66116666766 756,5
fflmtffit
6661118561
6661115597
6116611691
6666851,11. 967, 4
6661116561
6116111745. 6
66111661 765, 1. 468, 8
6116111111 4 1, 1
6616611164, 5. 498, 1
8616111161 457, ι
6611611 456,6 4. 518, 5. 751,
. to,
66611461611611611111 547,11
ffluwt
saetut 585, 1. 499,1
foliam 447, 8
66161191, 6. 185, 5. 715, .1.

mmmmmmm·
mzfflssmb
mtwv

Qmwfflsstmm

16111665, 16. 617, 1

1661116161, 1. 161, 4. 751, ¹? 673. 7. stt, 5
ψψη.
, &aaa 1111

. fontium 565, 4. 4191 66111115,1.141,6.19ο,5.

176, 9. 571, 7.581,5.451,
8. 555, 8. 699. 6. 716, 4.
mmmmw⁶

6611161614 515, 15

6616111691. 641, 11. 7541
sortium 594, 5

6611 611601. Ὶ· 767, 1
fortuitum 115, 1

fortuna 51,6. 119, 9119, 5,
Qmwtmt
382, 94181 4· 44116·
59516 656, 7..711,6.
mmmmffim
848.6.896,16

6611111 165, 5. 478, 11. 796, 4 60181ῑῖ3 ῐ471 ¹· ⁶95· 6817801 ·

6111611611 554, 9

tfflwamm

1616111478, 5. 76711877, smum ³5⁰· ¹5· 11111·

6666166746, 6. 755. 6
66166666558, 5

formate 885, 1

66111111 116, 5. 647, 1
6611616641, 5
6111611841,16. 881, 7
6616111966, 1

6111116161 85, 1
Formiarum 514, 6
66161614 568, 15
6611166111511, 7. 816, 5
661616611964, 6
formidatam 854, 14
6116661111176, 5
6611116611 768, 11

,6611661111 769, 8. 754, 4.

8⁰⁰5 ¹· 84414· 4701 8
formido 6116, 586, 5. 811, o
661116661651448, 11
formidolosus 111, 4
formio 615, 5
661111661415, 1. 877, 4
formosus 541, 9. 577, 4
formula 645, 1
fornice 516, 5. 511, 1
somna. 6

61114668166676661486884ν ³

fortunas 745, 8

fortunatam 777, to
mwmh
fortunatius 899, 1
661116111111756, 16
6616111111ιὶ1 778, 6

66111661 881, 11

6611116576, 7. 451, 7. 556,
1μωψηψ
4·Q28m1
6661645, 15

6616161588, 14

, fossor 518, 5

6611111799, 15. 917, 6
fratta 1761. 614. 16. 641.
6. 110, 11 ’

fractis ²07, 8. 87* 1⁹
611616 865, 5 “

frattae 465, 6

6116611596. 766, 4

frma 441, 7

6116116791, 8

statium. 517, §.jem
1, 1

6111764661 774, 9. 11

tmtffitwwstmstQOmtmmmtwa

811, 5. 877, 8
6616611546, 8

mmmmmm,
tm¹

6114118 5799. 616, 7
6117611596, 7

fomenta 468, 14,511,11. 6116111111, 7.117, 11 61171161616611111797,4

, 7601 7· 744» ¹0
661510 561, 190951Ξ 1.. 797, ι.
6661144747, 7. 877, 1

ἓ611111111559, 9
6611161151, 1

6611111475, 5. 681, 1

661611 574, 16
66111665, 6. 761, 4

fortem 614, 11. 6791. 684,v

1616664
66111155,1.116,5.578,11.
wwmwmt
6611141711. 567, 7. 678,

61111411 786, 1

61111711 154, 4. 719, 5
6111711111 519, 5
fflmwwmmt
61111761 465, 8
1111111695496, 14 7514.

814, 5. 861, 15. m

 

