·' Voconnnonnn 016111ξ

169111417,15 corrumpam 597, n
16961159,1 16116911 511, 9

1696118894 6611691161 568, 1
coquite 917,1 corruptorem 708,ss ⁴
coquitur 718, 6 Χ1111169161614, 5
tot 641, 8. 657, 6. 886, 9 161169161161111611, 4
Corano 687, 1. 688, 5 cortice ²9⁰· 15. 554, 8
16116 95, 4 ’ corticem 186, 4
1611168751 . · 0611166 515,6
corinthi 19,1 ¹ 06111661665,9
Corinthum 866, ς 1611611116 5911, 2
0616616849, 1. 6611111799,11
16116689, 16 1616116118, 1
16161619, 5. 7969 · 6611661546,1.687,8
6611111111 5111, 4 *torvus 807. 9
16161111415,1 061761111168,5 ⁴
corniculam, 5 0617116 679, 5
161611515, 5. 546,7 · 16116111 144,4
16166, 1, vasculo 619, 9 1611185, 5
1616175, 4. 78, 9154, 1. cothurni 879, 5
541,11. 547, 11. 564, 5. 661111611564, 9

crediderim 198, 5. 755, ’.5

1111111161814. 7

mmmm 2⁶⁶, 4 ’

11111111176,1ο. 547, 6. 477,
66416 ’

111116 718, 11 75515. 755,
1. 788, 7. 818,Ι 1, 866, 19·

1116118651. 899. 1 ’

⁴ 11611111561. 868, 7. 875, 6·

61161161614,4
11661161671, 9. 846, 5
1111666116, 5. 95,6 ’ .
1663611. 1· ⁶47, 1· 116. 1η

ὀ ,1

1161611 48, 1. 5651. 48 5, 7
111161616181,9

credulo· 14,1

11116116 581,5

crematur 494, 16

01666111 4496

crepante 485, 4

617, 14 cothurno 149, 5. 891, 4 11191176,1,641,1. 766, 19

16166 pro 111411 pleno 785. 7 Corium, 6. 0611111111
6615665198. 549, 4. 556, 16111899. 16

16. 454, ro. 486, 7 Cotisonis 187, 6
16166661 156, 1 06151111 491, 4
11111 11. 6 491» ¹· ⁸⁹4³ 0111861

16 · ’ 01161611755,4
corone 145, 1. 547. ro 611111 551, 2
116611, 1, rotor, 81516. 111811Μί61111611,5

966, 1 · · crrss'e837, 1
16166616 74, 6. 161, 56665 611111 677,6

5. 861, 9 ’ 011111, 91196167, 4
monem 551, 8 ,6111161611 855, 6
coronari 718, 16 ’ 61111661 unguentum 9655
6616611179, 1. 565, 9. 6611 11111111 595, 1 ·

6 1111116517, 5. 686, 7
611661161175,1 . 0166666547
6611661814, 6 61181161 454, 16
, 6616614655 0116668181
‘mortum · 01111661 544,1
1111616141, 1. 156, 8. 159, 11116811 779, 15

8. 581, 11.,511, 1. 5551 creantur 578, 11

811, 768, 11. 746, 5. 761, 1111111157, 1

9. 768, 7 crebro 715, 1
6817811556, 5 1111161489715. 769, 1

· ...166519 5

. 1119161894,7

611911111541, 11
6169611111, 7

crescent 86,5

crescentem 511, 5. 596, 8.·
69615 ’

61111116846,1

166111. 4· 11661861.

’ 5 11611168· 111. 14 ,

⁶3» 3

’ crescunt 511, 11. 559,5 -

cressa 156,7. 189, 9 “
11611476, 16
01111661, 1

’ 0111161464, 5

Creten 548, 1

Creticum 166, 1
1111611411, 5, 891, 14 ’
crevit 586, 6. 581, 1. 671, 5
61116161 556, 5, 815, 8

·· crimine 665. 1. 895,1ο .

11161161161185, 1

· 611161661167, 1

161961116117ο,5 1111116589, 6. 651, 1. 654, 11166114,1.117,1’ ’
16196111 56144. 516,1. 816, 11. 797, 8. 816, 1. 859, 7 crinem 566, 4

6 orror ,11. 7. 708, 16
80618· ¹30, 5. 445, 5. 5111 credo 1111111761, 6

· 61161165, 1. 151, 4. 164,

6. 5891. 416, 6. 465, 7,

16614, 5. 651,*1,8.654, 11181165. s· 350r3· 585, 4456 · ,
2·712,3. 111. 1- troc». 66181· 611. 8· 6111· «66111111, 1614 ’
· 659, 6. 747, 7. 771, 4 crispe 81116111 155,1
· 11661611616,5.865,4 Crispini 515. 6. 767,4 ’
6161611519, 5. 718, 8. 765, 0111916616 545, 6

1, 851, 1
· crederem 181, 1
61611111 576, 7
credi 961, 16
’6111111111 596, 7

0111911161 546, 5
1111111855, .²
11616679, 5
6161111111471, 1 , ¹
1161661857. 4

U 6 4

 

