844444444464 0444444444.’

44464443, 6, ’31448444 3393 44444 44, 4, 64, 3. 84, 3,
444444114493, to gkuco583‚8 448, 3. 444, 4. 446, ,
4441643364 4141444484, 4, 389, 44 493, 4, 369, 3, 394, 4,
4444 443, s· 8646 , 41464486. 4 404, mo& ⁶· 4448
genitricem 634, 9 4144444363, 8 grate 334, 5. 388, 6
4446444446, 4364484444 41464 78. 4 444, ²· 444, 4· sumum 4¹4. 9
genius 849, 1. 694, 8 633, 43. 844, 4. 843, 3 344444 9ο3, 4
gem 384, 3, 434, 4. 646, ιο . gloriantis 469, 7 · 34448 834, 44
genshumana18‚ 9 Glycera 8ο, 3. 446, 4. 443, gratia 344, 3. 394, 4. 333,
gente 464, 6, 666, 4, 663, 44 4. 344, 3 4. 343, 3, 343, 4. 336, 44,
gentes 9, 4. 434, 6, :om 01344444 343, 4 ¹ 844, 44. 838, 4. 9ο8,3
genti 63, 9. 486, 44. 344, 9 gnati 334, 9 4444144 44. 4, 443, 4. 348, 4,
gentibus 48, 44. 483, 4 4444143684 448, ιο
gentio 33, 3. 63, 4. 383, 4 gnaviter 346, 44 4444144363,3.633, 3,334, 44
pamm& gnavum816,2 gratiosum 364, 3 ¹
genuit 493, 4. 843, 4 4444444333, 43 4446184444 863, 43
genus, ι. 4446114444 683, 3, cnidi, 4,(ἠίἀὶ grato 43, 3. 496,9
7664 ⁶ 04484164, 6 gratum 434, 4. 434, 6. 464,
4444449, 3. 44, 6. 48, 44.64, Gorgonius 349, 4, 334,6 3, 693, 4
4 463, 3. 443, 3. 449, ι. Gracchus 864, 4 ’444444 4ο, 6. 43, 4. 34, 4,
44444444 4444494, ,vatim ²³» ¹ ²⁸9» ¹· ⁶352 ⁶· 852. 1 κ
⁷· 41⁶. 5· 4444 444, 2· gno. ¹³02 ²· 4444 ‘nm ⁸5⁵. 4
346, 4, 336,4 343,4. gadum 43, 7. 49,3 44444444448,4
49414 964, 4· ⁶88. 4 ,4449448844 ⁶02. s· ⁸9⁶2 ¹· 4444364, ''³1³'' 4, 943, 44,
{2:1ssss⁹ 333, 6 44449446 644, 6 4444446 66743664. 7463,ι ⁶!
444444 643, 6. 368, ι. 8ο6,4 0444414463, 4. 38 3, 9. 336, 348, 8. 633, 2. 903,8
pet 384, 3 4. 838, 9. 844, 6 444444 44, 4. 44, 2. 443, 4.
geri 889, 4 044414 649, 3. 868, 6, 843, 433, 4. 399, 4. 40¹» ς,
prio 433, 4, 343, 4 3. 836, 3 , 469, 44. 343, 44
0444444384,44.484,4 04444338, 6, 833,4 444444 8444419444 amicitia.
germinat 483, ι 0444444444 336, 5. 644, 3, 443,ι
muti· 864, 43 834, 4 ” gravi 36, 4. 64, 3. 69, 4,
Geryonem 446, 4 0444444644, 4 434, 3. 436, 4, 449, 3,
⁷ 044444 383, 4. 648, 6 463, 3, 384, 3. 884, 9
04444466, 4 . 44444644 463, 3. 834, 4
04414448, 6 44466488, 3, 348, 4
Graiis 464, 6, 849, 3, 848, gravior 893, 3
,164834 8· 81ἰέ38888, ,, ,,,
omno 4 < 4444144 464, 11· ³9¹» 4 5· 50⁶. 3· 444, 4· 644,
gestat 36, 4. 343, 7 4444444444 4396. 464, 4, 444, 3, 384, 6,· 833, 7
gestient 43 3, 6 3,.433, 4. 863, 44 444414444643, 4834, 389433
gestiet 343, 43 4444444444 63, 12 4444444 343, 8. 393, 4
34634 344, ιο 3444444644 844, 3 44444 439, 8. 344, 3. 333, 4,
testium· 1· 844, 4 gam.. ⁸7⁹· 1 4844 444, ⁶· 344, 4,
eflit 334,6, 843, 4, 6843 44444444 344, 44 4444444486, ιο
⁸¹² 334, 8· 4684 3 8¹¹⁰de ¹⁴9· ¹00 ²¹92 ⁶· 8²30 312352218, Ι· 2394 4· 434,4
0444144 344, 4 6, 643, 44. 6 3,3 grego 96, 4
netum 436, 6 4444694 633, 6, 639, 3 gregis 344, 8. 334, 4
0444414668, 3 grando 433, 44. 349, 4634 6 4444 463, 6, 644, 43. 7⁴40, .
Getulos93,4 4444444 43, 4, 85 ,13868 0446444434
41444444 444, 4 ς, 833, 3 04469144 364, 6
gigantum 434, 6 grandine 444, 3 0441914444 383, 4
gigante, 10 grandinis 8,4 4444444433, ’43
glacies 483, 4 grandisonum, 4 gruis 344, 3
glaciet 493, 4 grando 368, 4 34414646, 8, 338, 4
gladiatorum 646, w 4444444444 649, 8 46144 344, 3
minimatum 664,9 44411444694,4ο 4444444333
4144446364 44446 44444338,3 mammam m

 

