Vocuuuaoauu 066166. ,

Albinovano 768,1 479, 4, 7671. 481, ιο 1111617571. ςςΜ
albia 561,1. 781, 7. 588, 1. 1111161176, 7. 7774 1116 761, 6 467, 6. 491,
19011 1111111. 1· 111. 1· 861. 3· 161. a· ⁶14, 4· ⁶²5» ·
6111617476 9 4. 676,“1 ⁴ ,
116686οό771 1111114776 11191. e. 61111777, 11. 815, ’
albo 7116661771 aliti 497, 9 15
11866661116168, 8 1111166468, 7 ’ 111619, 7. 768, 16
1166 corpore 176, 7 allum ⁷97·9 altricis 179, ι
1116717111718,7 aliunde 199, ιι altum 161, 4. 161. 4- 7964
album 176, 7. 18 7, 6 allaboret 144, 7 1116111,1“,1.61116188,1 1471
album 71711686, ι allapsus 418,6 111161874. 776,4
Albuneae 30, 7 Ἰ allata 678, 7 aluere 766,6
1111171. 7. 746, ιο. 477, 7. 1111611911,1ς 1166111776, 7. 19711
4161· 11661161 1111111161 1111181161
Albuci 676, 4 Allobrox 48ο,4 alumno 477, ιο. 747, 1
61161161716 111696647716 1116 788, 7. 797, 7. 961,
88111673 ¹ 11611786,1. 7874 11
1111111 799, 3 1111111171. aba, 2· 4171 111618611677,6
Alcaeus 811, 6. 867, 1 11611161 497, 7 Α177111611, 6689111611
Alciden 71, 7 almum 791, 7 amabam 646, 7
Alcinoi 778, 7 11711617, ιι amabile 767, t. 744, 8
6116671716 ’ Α1ρ11161477,1 amabilem 14, 1. 186,ι -
1111778, 7. 687, 1. 811, 1 Alpibus 777, 7, 416,7 amabiles 774, 7
11161487 · Alpinua604‚6 amabilia 178,4. 8677 ’
1111111618, 1 Alpium 417, 7 amabiliter 847. 7
alec 679, 8. 714, 4 alstt 909, 9 161181161818, 11
1111171. 236, 9. 166,1. 111178,1. 191, 7. 4171. amabo 91,7
...18111 81 ⁵· ⁴⁰²’ ¹⁰ ..1811811 ⁵²⁷¹⁵ 1818111*
,1111168111 4181 11111471, 6. 474,5 ’ 16161619667
Alexandri 877, 7 1118 714, 7 161161166,7. 4771. 866, 1
Alexandro 1617116871, 7 11111769, 7. 766,1. 561‚6,x 161161171468,1 '
Α111611741,7 77716. 671,4. 717, 6. 1611611768,16
11717171. 6877 7771. 77ο,8,61’1. 68, 1611661476,1.846,6
1117111686, 7. 771,1. 781,8 9, tta¹ amantium 293,3
Algidum 761, 9 111111 juta 867, 15 ’1111111117,6. 411, 7
alia 167, 7. 189, 7. 468, 7. 1111116711. 11ο,1. 479, 1611111778,7. 7179
771,7. 6771 · 7. 717,1. 7871. 589, 1161116676
1111617877 ς. 7876. ¹3¹⁸· 777, 1161111911,17
aliaa 677, 1 7. 816, 7 amati 1116161111 781, 6
11111171,1. 776,7. 798, ς. 1116161196, ι amati, verb. 776, 17
829, 3 altercante 768, 1 amaria foliis 649, 9
1111617141, 754, 16. 596, alteria 7877 1611171777. 766, 7
7. 646, 6. 677,11. 696, 1116111111111861,1 11111777. 716,1. 7171.
a. 707,5. 811, 9. 815, 1111111117776. 746, ta· 177. 696,17. 787, 6.
7. 820,10 787, 8. 8681 η 841, 1. 861, 7 6675
alienae 711, 4 1116116161 alteia 7161111 opem amata 489, 6„ 8

alieni 54⁰, 11 1119677 1111111749, 7

alienia 523,6. 647, 4. 699, alterna 796,4 1611161716, 4. 7174. 667,
6. 76717. 1161611847,7.879,4 1. 7171681711 ’

111166751,4 1111166171 amatorem 166, 1. 574, 4.

alienos 811, ς altero 176, 11 776, 7

alio 479, 1. 616, 4. 6177 1111664676. 761,7. 647, 1616617776

alioqui 744, 4. 57711 ¹ 11 1611168771

Α119111611717,4 alterutrum 814, 6 Amazonii 7781

1119618677, 5· 678, ς. 671,4 1111 698, 9. 877, 7 ambagibus 687, 6, 766, 8

1117611771, 6. 686,1 altilium 767, 1 amba! 767, 16

alia 476, 7. 618,6 ’ 1111611771 ambiat 7971

111196,1. 878,1 11111678. 477, 3. 4677. 161617661816, 8. 8776

1111116,1.176,1.788,11. 48774971 1616179716771 b. .

⁴ 4 16117111

7113

 

