1100400007000 0700707007,

trus· ²²32 7· 4806· meumst 7707· ⁸⁶¹ 76876700440887. 77
80878 840,0 · . 6. 477, 6 487,0, 834, relinquerem 73.5 ’
701000, 714001 hugi 6484· 3· 7 - , 7010009000 7679 ι
708,,3 867,7 , 70304010140,6 , 70100400 970 0 ’1
resen ¹¹8¹4.4 888, 00 70300ηο0633, 79 , 0011009010 077,0. 066, usu.
referunt 403 00, 849,9 703000ωο6747 · 3
usui 678. 4 . 000077003397, 0010690000783, 6
7760103. 4, 877,3, 847,6 70300797360,9 0011090060666, 5
706008 487, 5 70300717360 ,9 7011901770, 4. 797, 5
70600803, 03 , 7030003336. .436, 7 70119010480,6. 4898. 833,
00670708, 4 00307073,ς 6

0600000800 708 οο , 703700, 4707731644, 377,0. 7010600100 376
referundo 703 0 · 70300, 0706. 774,4 . rem 06, ⁶2. 300, 9. 3·0.0,6
706700770333,3 ,70370007 30 5. 63, 6738. 3. 377,6. 303, 77. 306, 74.
6670877οι 3¹³2 0 ³⁷³8 0 rs. 0· 778. 6 547 110 707.
“sunsit ²52.9 · 0007· 570· 87767 0 sus ⁶·6452⁶ ·.677
refugimus 4 34,6 , 7030010 3440 . 0. 690,6 ,870 77. 804,
70103107, 3443, 8. 817, 70 1803010 0688 ; , 77. 830, 0. 866, 70 ,
70601000 000 4 Regulum 308 remanente 703, ’
7010170 37 70 , . 1103070000,0,730,.7 793,8. 0000003778

703010830, 9 838, ς 008, 9. 039, 4, 307, 8. 1100014377
708746077896 077. ¹·410 ²· scua- 70774860

703011339, 0, 893,0 603, 3. 607, 3. 333, 3. 0001300489, 4

7007· 70. ·7706· ·remiu060.3

1821th 890,6 830, 7, 584686. 878, 8. 70010007388
mnam. 0936 5. 0684, 908, 7 remu 1408 877, 73
089, 4. 486,4, 343, 9, 707, breue. 603, 6 , 7070110078867,
807, 0 7078070, 307,οι 339,4 7070676794

11030707377 380, 4, 383, 76 70100104036 7070161806, 0

0030 ue. 740 0 , rejecta 6,447 0070160330,7
Regem 380 3,8. 3834 7070610090, 07, 396,0 mmmmm
7030710384 4 ι 7000 0494 0⁶3⁶3u⁹ remittan91,3
70300 006 4 040,7 337,7.7010610746000017717709,7 903, 8
367, 5. 3376, 3, 383, 3. 7010 010697,746 4 700170900830,00
64,3 4, 73 6.,9 7749, 7010000489,4 ’0077877770,1. 0 removeant,
944, 3 . 70103000 6096 609, 6
reget 36, ,4 0014300098,Ι 40 Ι 70700 060 00704344, ·
7031, 744400,80 ,7 701037 733 0 7000000 4636
3031, ..vah 8982 ; 7010377 437,3 70770000 est 907 9
00310376, 0 , ¹ 7010810073, 3. .377,4,639,7. 70700οΠ07ςὸ0 0094, ²7⁸·
00310 07000763, 40 , 767, 70 6, 376, 7, ,,409 3, ,7053
70310070, 7 ,, 70116110033,9.40,8,7 488, 7000900039, 6, 8879 .
4031070747, 5. 225,3 , . 8. 30746, 80, 70 , remotus 5717. 682,1
1111111 11111 1111 1111111 1111111112·Ἰ 111*
70311011073041439, 6. 038,7, 7016000148,ςο ' 7000000110 977ἰ
343, 3. 499, 6, 733,6 7613000703, 0 {mugitu-271, 5
00370 3478 794, 0 7010370 034 7077003007 090 7
7031000746,0 7011300 338, 7 ’ remugiens 4669 1
00310, m. 00,.3 384, 8 4070 093 8, ⁴0m uenerint482. 00
00313ομ7877, 43 , 8811880 598, 4 , 7000800 0000036, 0
’ 00310, verb ,,730 7, 448,7 0011090000 033,3, 535„ ⁶. 70001000700878, 3

regum 8 7800· 047 0 767 9 00000470, ,ι
444, 7. 877, 6, 800, 07 701109000370, 9 reuee⁶5e ⁹ ,54 3

4431944446 5, 3 001109000110606, 7 ’ 7007600000 436 77
403197 046,.6 330,3, ,,943 7011090000707,0 renudet 768 9, ,074,4. 478,
38 7011090007070,0 0 .

118110·

 

