ι810033030333333-0313333333.

138033438,3.489,,30. 5336, 13303364,5.737,7,743,7. 1331133903, 33

4· 333. 3· 337. ς. 3134 833. ς mmmm 10¹, ³· 331. 33
138οκ3391113133313331738,4 13113611,3.857,6 78733
1313033313 369, 3. 447, 5. 508, 13313333 883,3 11.1333133334,4
1381163153138149613Ῐ 4 1Ζ1116ἑ3ω49ξ3161ἓ53, 4, 635, 5 1311371545, 13ο
iubenum. 33, 6.463,6. Ιεάξω333853,8 ι1333103393 x
33333133, 1337373, ·1353433343336.
1381113663968Ῐζ.534,30.664, 1ἔ1106316918ἷ33 ’ 1111016386. 6763

2. 077, ³· 8²⁵» 3. 333, mande 337, 33 1033383331. 30

3. 890, 3. 894, 3 1.ιὲ331313333 65, 3 13373333 834, 8
laboti 588, 4. 539, 14 1ι13 125,4 languida 448, 34
laboribus 339, 3. 307, 7. 334, 1313313134, 7 languidiora 31333 9399 ·

7, 3⁸⁹· ς. 4⁴⁶›9· 483, 13106343. 8659· 10401101074355,445519.

3. 833, 5 1383370333 333, 9 133401103676, 1 .
138031013486, 8 lesura 477, 3 languor 468, 3
8101101483. ² ¹209921· 327· 9· 3371· ¹²⁰⁸⁰⁰‘ ’3101311313 1
1380313498,4598,33,545,3 596,7 Lanuvino 344,2 ⁴ . ·
laboro 735, 4. 743. 3. 875, 3 letam 86, 4. 388, 3 1103730, 9 .
13801003334,4.305,3.376, 1334333346 83003803353,

3. 614, 7. 893, 30 1333144, 4. Ι377, 3 14733133 133183 436,3. 67438,
lubra movet 800,ss 13331313 3594· lapidem 733, 30. 861, ι,
138413 58, 7. 533, 33. 5599 1331313103, 3. 930, 33 11711111 ²94, 4· 537, 9, 356]
labuntur 205, 3. 439, 3 latim 699, 7 6. 434, 3. 680, 30
, Lacuna 400, 8 13310, 31143 lento 31131 337, 6 1111101111567, 6
14333033 193, 7. 353,6 . 13303 554, 13 114111377314
Lacedaemon 30, 5 113303 370, 5 13711103 535, 4
lacedemoniam 373, 3 letum 333, 7. 363, 3. 434, 1111111411· 57973
133333013359, 33 30. 703,4 . 83711833 3993 .
13303333984 latus 33, 6. 337, 5. 388, 9. [3131111117 »ς
mentemst 339, 3. 356, 34, 385, 5, 13913333,3
btetavetntfizm 460, 3. 653, 7. 763, 5,, 1391113546
bam m· ¹4 333. ¹7· 333. ⁶· 7 4, ³· hvsm pede 720, 3
bertana 865. 5 13433333335,6
1330311447. 370, 33. 593, 13333504, 5. 7437 laquei 633, 10

ς. 859. 6 13333833 864, 30 1343311433, 6
hcm⁰⁵⁷⁶· 1· 729›⁶ ¹2v2850›4 13330333, ¹³· ⁶50» 77311
13331133 346, 6 13338 764, 7 34 ·
1333333131, 3 13333, v. leve 1343303 799, 34
1133581318 3 13115643 , laqueum 833,8
[taffo 33 , 4 lavia 73, 8. 378, 4. 8754 13311700, 11
13313303 579, 3 · 133130, 0. 8331730 lardo 699, 3
8330134543 13313 393,6. 89,4.483,8 [33368331
835031 373, 3 13310 576, 3. 671, 3. 734, 6 1333, i. domo 54, 3. 354, Q.
1330031333 335, 4 , 13330333 343, 5. 756, 33.’796, 735, 7. 764, 33
1307133377,6.7ός,6.103,6 7 13333 330, 4. 436, 31. 483,
lacryma 833, 4 levus 346, 6. 899, γ’ 5. 500, 3 ·
1139338313, 4 lugani, 0. lachaniq 8333333 683, 33. 699, 7
lacrymosa 36, 6. 730,6 1333333736, 33 1333333,1.103330333533,ς ,
lacrymoso 566, 8 lagena 865, 9 13373313. 4“

143370301003 88, 3 13433313 737, 6 ¹ 133713 48, 6

13113 377, 3. 843, 3 lagois 634, 3 , 1334313103 839, 3

13613 depulsum 377, 3 Lange 368, 6 · largior 590· 8

hstis 333, 3 Lalagen 89, 6. 93, 3 13391033 336, 3

13113333 678, a 133333 785, 4 133413 364, 3. 373, 5. 486, 1
haute 734, 3 Ι13338333 566, 3 13331333 555, 5

lucu 330, 4. 547, 35 lambet 89,4 .' largmsoequo 73, 5·
lacunarum Α · 1313333ιωύ3 853, n, ., 173 ’ 13330

 

