,1199969699966066669641

96961 4191115946 Pomm 999 9 Manum
pannulum 490,ss 9996161969, 6. 49666 99616 948 9
peniteat 525, 6. 999, 9 pontificum 699, 4. 996,9. 9966666116 9896
8499966999. 699, 69 ’ 899, 9 8 6
666646 · 6116611666

6191 6666 66166 sono· 6611111 646 6

⁸'⁷⁹ ...7111ἷ73 7317111117
6666 66
84

6166 666. 6, 6161611 6686

11696 814 9199 9,96 69
991116116666, 6, 6691. 989, 8399119916689, 8

,917194 161ἧι166761
7.69919149,9 69999919861, 999111196946μι

6661616696 66161611 666 16 ·
9919196984, 9 99991998994 996666619699999. tp,
1611966998. 998,9. 898, 9999191196696μ 69. 6996

6611116169461616666
99139494, 8 populatum! 99613333384899
8691961696 9991114696, 4 pomam,
111666· 166141· ⁴¹¹⁸· ⁶¹⁹⁸ 661161·
6996136891 333 99991399,.6 696. 88, 6. 99166668,9. »mro
9996996996 696, 9. 89, 9. 991, 4. 9916.6916199,6 8999
1666616616 9666·,1·6.66 s· 616111669066.
661166164. 696 668136 6066666116· ‚s

6969664146 ...1169116696- 1666 61611666. 16 ·6096 -

Pom 9111996, 9 1616166866 · 167666116 ¹⁹¹2 5
1669ρί1196 1699916 898 69 malamve-„m 991996 9,4 ⁸
8934888383,Ἳὶ333 33 8368818886138686636 869 ,881813389939.3388393,3384 3
. 1 8·
3686313813 3.363·.616 6· 116. 66318 6666 8136368838. 363·36ο34. 11
⁵ ⁸²⁵⁵ 1111116 1· 7. 73131111 111171
3338863393. 393983,3163 3333 33 porto 9136336· 36615· 843» 7 3 3333
6666966..9661
9 0 2 8 87181
886933 3333 33 333333 9893863636813863686848966. 466, ,998636393939 &Snus 3
ponae, ,9494999999999 ῐ1,9.,,ο616.,1· 6164 6142, 661,6 , ,,
666666ᾙ6
8 ,
9996996996, 1⁶. ⁸3²2? 9966961966 49,9. 996,.6 969, 1
6816888839383 3 998666986839366, 6 8888866893μῄ
99916649,.,.·94999686,6. 9961499946 · 9916699199668199899
99914. 89966 99919199694 9911696496, 69 .
3“11111111,1,.7111113.117.1 7711317791711 ⁵⁸⁸
mo 7²57ss ⁷98, n ἷοῐῐῐῑίηώξᾳι 901881087316343, 7453
999166 46, 9 9961916969, 6 9911696689, 3
1111166166 6161666.·.·4τςς.66161 661966669664·
. 691.16.666666.6·6666
6666 6666 6166 6669· 6666 91,ξῇ

 

