. 811111111111014111111.

89181111 849, 5 691116111155, 5. 874, 5 stella· 58515. 751, 7 ., Ι
1996111719, 10 splendentndo, 4 · 1811111151, Moy, 99, 545
8111111151. 6. 800. s· 811. 8111181111, ⁹· 111. ⁶· 141. ’,1
8118111 31141811. 8 818118111116111811. 8886646188
1911111147,4. 88811. ¹2 fle¹l¹⁸⁸7n¹3
891, 7 splendide 197, 9 8111116 515, 4
6811618541 67818111511, 1. 511,11 81111811 551,5
9181111714, 2. 575, 5 splendidius 814, 11 8111181ἰῖ 781, 4
8916111111697, 71 splendor 547, 6’ &minim 641, 1. 667, 4
8910111111 861, 7 8711111111 865, 15 nestit 558, 7. 858,1
6918111751, 5 [9111144144 stetdfip. 691, 99955
1911111511, 5. 75196 89111111895,4 11118ω599,4 -
69111114146 v spondere9lo‚8 8115811545. 4, 9,
8711111541, 1 8911811568, 5. 811, 8 51811. 847,1. ὂψ
spen 1111811111· sl⁰n¹¹738‚s letfre⁶929
418, 11. 595, 1, 187, 9. sponso 114, 1 81111164,1. 196, 8, 649, 7,
⁶8⁶, ⁶· 7³⁶» 1 m, ⁶ 1811116111 6111· ⁸⁵02⁴
11111 191111111111111895, 1111811197, 5 8611111656. 4115
s 415, 1115455451ες ⁶ ² 89116411ω881178, 7111188111 &a 97157, 141
&almuzl Η, 8718181181, 11175111911111· 8889111659, 5
speramus 851, 1. 911,1 61111861,11 8171818861 ,
8911111141, 1. 418, 4 8911611146, 6 1119111545, 5
spem 517, 7 sponte sud 781, 1 stipendium 491, 7
spent ²42 31 189. 9 8111111414, ¹¹ stirpe· 35⁶2?
speratum 818, 8 spurco 684, 1 811111 651, 6. 667,1
8711161648, 5 6918111717, 7 81111459, 1
(⁰00¹ 5⁸· ⁹· 111 1 81188618, ι 8841118· 11611
111894, 1 (8161111601, 1 8185818481 16
11876, 7 ’ stabnt 587, 1 damnandnm, 5
sperne 39, 9. 116,1. 615, 4. 8116111646, 9. 647, 4 811118111549, 6
685, 1. 741, 11 8181111895, 4 1111111119,1.151,4.15,,
8911111115,1.119,1.155, 81611149 ,9 15. 678, 5. 68145
1 subit 666, 7 8111118161791, 7
19111191. 141, 2. ⁶2⁶, 1. 1111Ιί1 20, 1 · nonullam ⁶²3» 4» 6111.
..1134318158..,,.8.’.ῗ·,.’.’.“1.*,..,,. ..81113811 1.... n, ,
4ο7,19. 718, 71. c0,2'. 8111115451 ς’
816,11 8111111151,1. 511. 5. 686, 8ω11611616,6
, 69171111. 411, ς. 749,4. 1 8116111155411
750· 1811. 1 nana 111 ¹ 81118641. 11
8911114991 p 81115954 6111111111 649,11 ·
spicula 64, 6. 551, 8 81185815 stratus 5,9
1911111787, 1 81111111657, 6 8111111591, 5. 69,8
1711911871, 1 ilat 1851 1811111417, 11. 6564.
69111611 414, 6 11111517, 9 61111111 551, 5. 779, 5
spirat 411, p. 846, 1 81111165, 6 8111111 741, 9. 764, 1, 765,
8911111489, ¹2 181111 861, n 11
1911ἰ1111156,1.118, 6. 589, 8111111644, 5. 685, ιο strepitu 191, 5. 519, 6. 851,
5. 668,11 81111111114, 5

1

spiritu· 111,9. 196, 5. 595, 1111111151, 1 8119611111 64, 7. 511,1. 554,

8. 468, 4. 548,9 811181, nm. 556,1. 4. 574, 7. 758, 5. 788,
spiro 5755 1111111799, 5. 18,1.656,7 ¹³. .
spissam, 5. 511, 4. 891, 3¹ 81111555, 5. 15, 1 1811711111 761, 5. 815, 7. 868,
6411811575, 7, 916, 1 18111151, 11. 554, 11 7. 879, 5
19171817, 4 delle 781, 1 1811915141 51, 5. 419, im

’ ’ ‘ ¹ Ι 1

 

