99999999

955 to 9966 5,9.949999464,99.599,9.,559 556,4.4ο9.19..4994.

. 699,9· 74199·

eii aen 366.5
1117199999 966, 66

119999 476 99 ,
1199999 394, 3
9919145, 3. .61, 6. 953, 9. 956,

⁶ ·79 · 9·9,·4 999,·9

496·

456 911· 6169 69 6· 667· 11·

. 646· 1· 666· 16· 66 7

63 9. 734, 6. 994, 99
9916999996 546, io· 565.5

9911999376, 4
nitantur 96, 99

nitenti ,6

nitent 563, 6. 995, ιο
nitentum 97ς,96 6166
9199997345

nitere 7669 ,
9999994 4,5

nitescere 88⁶, 5 ¹

9· 6469 4· 76794·

9911699999 5369
nooentt 639,ι

7447

, 999999697, 4

nocebit 796, 99
9999999116 6, 9
notent 48 ,9 “
nocentem 907. 9
nooenten 588, 6
nocentium 4ο5, 6
nocentius 433, 7
nocete 699,

nocet 740, 99
nocituram 999, 6

991· 714 9 943, u. ,993
99 4979 469 9· 40
,,619,4 799 · 967 9

9 79149,,9419·1·49,··11

566 9969945 94,
5....749769996

3²8¹!- 66471· 6419 1641,
9671,1·717,1 119,

Ξ8173,7·19·9,9 1999· ’

mmm!

1¹:3³0: 6ΐὲ76065ῡ 10

1199799999 567. 5

9999999919956, 6555.

1199695699199959397Η 7956,
796 9 ..795

, ...,., ‘⁵⁹¹⁶*³⁶⁶*88

,9616111766
&animationem

..1116299
.;1,1,

16161694· 466·,·1
:⁸⁰70 94. ’9, 59989.

nitet 9994. 665. 5 775,4 996199957, 969, 3 4.76,5 999191699999919635, 99

nitique cothurno 697. 4
9161999657, 7
nitidique 769 5
9191619996, 7 7559

991179494 ·,499 9 7199

nitidum 99,4· 31194· 7479 9
91911999 696. 99

9919199 9566,5

9119969, 5. 599. 5

9979991199 656 ς

99991999 695 9 ’

7991997, 7· 749 9

. 9999919199 776 9

9199119949. 99

nive 56,9, 549, 9· 346· 1·
333 4 9796· 99 1

·99199 7 996, ·9· 999
96499, ,1, 494, 9 4749·

9111799·

999999 595 4

nivenen 547,5

32:883&

9996919 59 7. 669. 5, 614.5

99191199 994,6

nobilem 59, 9. 5ο6,5, 574.

1· 464» 6
nobilibus 6557

nobilio 5.9, 3⁷⁶, 4, 69. ,3

957. to. 394, 9, 565.
471 ¹0

699, 9

9961391969 1199115199 399, 6

no 6111999999 359,
96619369,6, 399,6

no& o 8.56 9

ΒΟ &usust 775 ⁶
nominaverint 99999999 656 9
9996199997 445 io
9996199991 799, 95
»naumis 395, 4. 363, 9
9999999949 966, 5. 999, 9. 699,

'nogiomo 696, 3. 669,7.

870, 9ο
nocturnus 459 99, ,549,9
9999999797, 6. 7659
nocuisset 969, 9, 646, 97
99699343 5964755. 9
999,ο91919797 5
99999196 645 9
nodum 9936 596,9
99199 vindice 9115999 669, 5

‘ 999799 9 7699

99911699, 5. ..699 6

nolim 599 5. 577.19

9911999597, 9, 599.5

99119994. 9. 555, 99, 797, 3

99119597, 3. 596.9, 577,6,
95. 99

991199 99999, sn

nollem 577, 93

9911996944,644,5

9 4919919573, 96

nolunt, o. 99911999

7991· ’9419 9199,

mmm-⁶¹⁸9 mh·

···,9417
onom 199· ·1,7·,

93. 36666966. 9
77999· 9914117994,
15159 7 6 1· m·

9991199649, 6555

’ 9919119956,5

999911999199 679, 9
9999911999 975, 9. 47169
non 99971199 393, 7

7993 ·1191919· 1991111199,

9999199996 975, ς
9999115999 695, 6

999 eene 1919 199999 nne 6745
menonem, 999. 555, 95
999965999639, 4
9999699769, 9

non 1991999999 79919999 9 39,
mahom 6

non 999 pridem 695 9
nonin 9995999659. 9
99919919919193 9, 6
9919999116αἱι669,9

non 9999919 599,6, 579,4 1
9999999199,ωῶ9 7
9995159945491999599. 6
999 39999 «rb. 796, to

,,061411136649ν61161·

66011

791717999497
9791991999 6669 .

nobilium 595. 4, 491. 9. 9997999945.,4 69,4, 949. 9. 9996991976· 14

9ο919995999649,676.ς

 

