&31⁸ 7⁸⁸⁶ ¹5 sm& 74ο,4 suburbia! 66, 1
stridere 720, 9 1118414, u suburbm 1, 3 1
1111411144 11111411. 1. 5191 811111111441.14 ,
1114111711, 4 1111744, 1 succedant 744, 4
1111411444, ιο 1611116746, 14 · 1666661166, 6
1161411417, 6 1611116416, 1 16461111 197, 4
1111111117. 3 11111441, 1 suen 671, ι
1111111499, 1. 744. 1 1111111611, 4. 711, 1 1691166116 411, 9
1161111466,1.744,9,116,4. 1111164464 1611111661 7οι,1ο
841. 1. 194. 8 11111 611. 4 1111111117. 7
studia 111, 9 suaviter 491, 4. 761, 4 161111 711, 4
16616441, 4. 741,4. 749, 1611161411, 6. 711, 7 11116679, 4
111ἒὲἔὲ 671 ἓίξζ {ztzffa‚¹{a‚³;;⁶³’¹ {335453254
666146 441, 4. 611, 7. 641, 6666663666 6666113ιῖ9ἶ1666441, 14
11. 714, 4. 146, 4. 141, 1661461114 sudandum!
6666161166 1 61 ιι 16141164161744, ⁷⁹ m, {fflwsbffl
1 · 1
6611611 44734619, 154, 744, 16646111 1,7 1611111941
2 1617161 11419411 1666641. 466, 4. 4767.
6111111111. 14111· 744. 1111111719. 11 591. 9
1 17. 499, 4 1667161161697, n 61166111 146, 4
11117117. 85414 896. 1111111151. 1 4111581. 1
stuf& 419, 1. 644, 1 1661611666ῗῖ. 769, 6 &Qus 69914. 164, 4
6611161767, 1 · 1611411416, 1. 441, 4 161 4. 4. 41,11. 71, 4. 191,
1161111447,4 1661111761,1ι ,4. 46,11
6616111161 466, 16 11611494, 4. 166, ιο 16111641. 164, 4. 414, 4.
8161111911 64181· 657. 11111171. 5· 711. 4· 714. 441. ³· 4⁶4. 4. 479. 4
..6111111616 ...111413 ..11441116
stultitiam 411, 4. 111, 9. 1661111111 4466 1114111494
744, ¹1 1661161696, 14. 714, 4 Sulcius 446, 4
6616616111 746, 4. 791, 1 1161116 jure nocendi 191, 1 161164 766, ιο
stultos 641, 10 16611164 616, 4 sulfura 792, 1
61111661 661, 4 1161146714, 7 Sunt, 6111117111.
1161161 441, n· 444. 7. sublime 144,6 161711111411,4
71, 4. 641. 4. 5· 691. 1111111111111911. 6 11114114. 411, 4. 4941.
{snm 1. 761. 11. 787. 4144711117.451·86.1.147.1 414, ⁹· 6441. 714. 7.
6 1611 7 , ,4
sttgennoe, 4 sublimi. 84⁵9 ἕο “⁷2 13 6161617607, 3
1691111447. 4 sublustri 447, 11 161111 117, 1. 461, 1, 641, 1.
stupet 446, 1. 447, 6. 471, 6. 11611111111716, 4 666, 3. ⁶⁶3· 2, 77⁸2?
611, 7 subrepere 761, 14 1661611911, 11
6671114147 1661611416,6 6476 1611111114,4.416,14. 471..
11746146, 1 1611111161 611, 6 4. 477, n
1144111 497,4 subscribi 446, 1 16114117114111414
1716111616, 4 subsequitur 71, 4 1111111141 176, 14
stylus 617, 1 subfodere 414, 4 1611111 49, 1 ,
8141711, 4 166611146699, 11 1111111111, 4164, 11 1
161164. 9. 414, 1. 446, 7. 16616ιί4416. 4 111111 711, 14
471. 4 1111111111 474. 5 111111461741. 1
8191111744. 7, subtilem, 3· 851. 4 sumite 174, 11
suadere 411, 9 1661111146611711, 7 summa, 71671611. 41, 4. 447,
16111111 411,9 . 1666161174446 11117414
161161 414, 16 subvertet 774, 16 16161111, 114611. 9, 4. 414ὠξ.
1

 

