106116161611 01111611.

111611 111. 1· ms ,

obliti 758, 7
oblitum 66171

1111111, 1. 111· 77⁷:

1

6111161, 766161161656, 5
6111111696,15 ’
611111611456,6 ’
oblivionem 475, 1
6611116111461, 9
oblivioso 176, 4 Δ
661111116661777, 5
6611116161454,5
mm, 1. .
1117111914, 6
6111611 65, 1. 116, 1
6611161661,4
61116111 5¹2⁶ ·
6111661116 41,9
6116116611 516,1
obscum 119, 4. 667,,16 ’
1116111111. 11.. ²
6111616169 ,1

omflnz ⁴92 ε ’
6111111616,7

6111161651, 5. 769, 9
obscurum 169, 5. 711, 1. 964,

6666166 675, 4

016(ῦὲ 66617

obsecro 767, 16

obsequio 696, ιο “

obsequium 616, 6. 711, 16.
866, 16

6111111111 491,1

61116116 476,6 ’

6111699, 5’

6111117 , 1

’16661111491,1 “

6161111119,6

obsonia 5¹8, 1· 617, 1. 711,

’016611717316 11114· 4011
117131463ὒῖ ι. 7171
6116111645, 11
66111111 597, 4
obstat 514,11.517,1. 695,6

6111111569, 7. 66,14
6111161491,7
6111161111 6995
6611176696,9
6111111155,5
&repentinum
66111611 566, 7. 419, 4
. 611117611455,5
6111111111 16, 1,

1161115161654, q Ι

“ 191ῐ1111111417,9

’ 6116711161 176, 5

’ occurrunt 561, 5

’0611161 611, 4

6611661 767, 16
obticuit 6961
6115114465
obtulerim 556, 6
obtulit 313, 7. 574, 15
obturem 665, 7
6111161596, 7. 696,1 Ι
66161116767, ι
6111661111471, 5 “
61111667,1

occidenti 914‚3

octoginta 1166111111 645, 15
6616111576, 1 ’
61611755, 11

616111 11, 1. 114,1. 556, 6.

⁵²⁶2 ι’ ⁵335 ¹⁸ 5597 76,
⁶⁶5· 1111. 7· 611, 11.
α75615· 666,14. 910, 75
oculo 156, 5. 917, 5, 687, ⁷⁰. Δ
ι 7²⁶, '4‘ 7 97 ⁸
“⁰¹⁰⁸ ¹³⁸» ⁸· ¹⁹⁶³ 1· 111.
11. 643, 5
«11111. ⁸· ⁸¹7, 1. 1511

61761 Euro 117, 4

61761 161,1. 1951. 5911
8. 769, 6.,111, 11. 7 8,

occidere 655, 11. 661, 5
66111111595, 5
occidi 799, 11 .

6111616475, 5

6611116165, 15 16

’ 61111111,711611.6116195,4. 61111164, 11.““547, 11 ,
' ’167,5.167,6.561,6,611.’ 61111155,1.117,6 ’

’ occidit, 7611611176 656, 9. oderunt 511,15. 799,15,

⁸¹⁶2 Ι1 4 .

odi 145, 1.156, ι. 511,1.
” 6696 ’ ’

61111161 556,5 ’ ·
6119 561, 5. 740, 16777,

1. 769, 9. 61 ,1
odio ²st7872 80 33⁹2 7
6611116164 · ’,
6111111556, 1. 614, 5

657, 4. 914, 11
occisa 656, 16
6116166797, 11
61161111 511, 1

6116116 54, 4, 751, 5
6661161554, 9. 765, 15
611671 66, ι

occupabitur 461, 4
61169116 461, 16

. 6117671811495916. 655, 6. 765, odit 615, 7. 751, 1. 761, 16.

7697111, 5.,6. 619, 6.
15 “

6161 1161
θὼῑ6018·67717 ⁴
occupavit 51, ι. 467, 5 odon 4454, 6 ·
occupes 555, 1 odona 196, 9

occupet 197, 7. 349,10.755‚ 6661111514, 1

1. 815, 16 , edentum 767, 14
611671161111616111111111911, 61611517,6 -

1 6661161111, 5. 619, 7. 741,
0⁶⁶⁰1>059225 . . ’
666116145111. 555, 7. 6161111559 .

597,ι 61611161151. 469,9 1
6116111 755, 6 6161014701 4 ’ .
11111111116 (7791616118. 6,
01111616. 5. 154, 4 5661 0161116 66Ξῖ 6
0111166 419,4. 4647 Ofellum 5411
ocior, v. 61761 0111161611, 4
61111161 659, 6 offendunt 911, 5
6111161764, 1 6611111766, 9. 965, 11

666111155617
“ 66116617146
611116111ιό6, 5 offenderet 696, 6
naam 667, 4 6616111616, 41 656, 1
6616651, 1 1611116965, 6
66661111166111611111161111656, 6666661161694, 6

5 “ 61116121 476,5

¹3

ι

6167116557, 1 ’
occupavi 119, 5 · -

66116 617, 4

661116

 

1661111111131· ‘

