suff-unx

¹0· 71³· 1· 7837 5· 3197,

class imbecilla 670, 9

:etas 7171117 887, ι4

' 710748, 7, 774, 7. 760,-8.
766, 7. 780, 9. 400, 7.
42¹, ι· 477· 7· 787· 7·
777· 7· 676 7· 777· 7·
774, 4. 770, 7. 877, 7.
8³2, ⁶· 1770 ·

aetas 17707, i. e. 7777167168, 4

77777707 <intimus 870, 3

7070717887.4

0707007686

0707007477, ιο

07707017 797, ς

aeternum 767, 4. 740, 4. 470,
¹· 774714

7760777777 ¹

7760717797

61761077 776, ’4

6’707704

AEtnam 765. 8. 974, 7

2870168777

7771797, 5. 707, 70. 817,
’7· Β4378

707074, 4. 757, 4. 786, 7.
2¹⁶23· 875, 7. 818, 77

:evum 769, 7. 797, 70. 4¹5»
8. 707, 8, 569, ι. 777,
⁸· 607. 7· 7771 7· 116 9·
8768. 9ο7,5

11177780, 7

7117770777,,7

76074647

7617776768

7617077077

06171707,7

affatur 777, 7

7167176777

0860708405

; 76177769, 6

affixit 577, ιι
7187607777, 4

7610077707 407, 3

affuit 444. 6

flffsslfit 3832 ⁷
711777νί7475 7 -

Afn cochlea 678, 1
Α173616347Ὶ

4171077775, 2· 796, 4· 6477 ²
71171077 712· ⁶
Afficflm4⁶37 ς
7161017757, 75

Africo 60, 4

Africum 5,7. 77, 7. 770, ς
0771007487, 8

Md! 112, 2· 71174
A81021893· 85498
67777οο10000 401, 8

· 1177277476

77710 770, 7

Agave 668, 7

agedum 548, ι. 6ς7,7
7771117867. 887, 7
770110 777, 77. 677, 1
7771107 787, 4 .
agellum 697, 9. 766, 7
agendae 406, 8

8141399275426· 7100717·

77717 477, 8. 477, 7. 578,
s· 777· 3· ⁶5⁴. s· ⁶72.
7 7700 754, ¹· 7⁶0· ⁸·
970,6

agro 799, ς. 744, 1· 713,1.
774. 7· 7307

777074, 7. 784, 7. 747, 7.
273· 6· 298, 9· 48²» 5·
775, 8. 877, 7. 878, 6.
8906

*vum ‹8⁷› 4· 5³8, τ· 677·
7. 867, ς. 868, 77

‘vntum

agunto 880, 77

6010 7104

76 704, 7. 770, 1

76, 76 450, 7

76707777,7

71907767· 30921· ⁸5⁴2

agennea17‚3
7700717 877, 7
*zer 677· 1867. 7
7770777867
0716078767
771117 776, 7. 744, ς
77107777 870, 7
7616οϊ 707.ῐο 6705
7777770777 699, ιο
7717707 907, 77
agitantur 79 7
7717770 704, 7 aheneo 790, 9
agitaret 477, 9 76000077 6, 6. 776, ιο
7717777 747, 70 7600070867, 70
7717770 7007 Ajacem 65, 7. 767, 4. 654,
77177701 ι89,ς 8
7711010777,17 8177174664 “
77170876, 7ο 8777 655, 6. 656, 5. 6574
07170777, 9 77017707 797, 77
agitur 777 888, 77 v 717677 798, ι
771777707707877, 77 7176715547. 777. 2. 779,
agmen 787, 6 Ο77. 795, 7. 977, 8
7770107477, 9. 488, 4. 674, 77010674, 7. 795, 8. 799,
70
7770107707 746, 5 717 709, 7
0777 476· 0766710771· ιη1064· 5²8· ¹¹· 5³¹2 0·
6. 6784 676, 8. 666, 4. 707, 9.
7007167767· 8¹¹1 ι
agnam 77, 7. 777, ς. 588, Ι865, 74
13. ⁶572? amnt 508, 12· 226, 9
77018747 717 785, 6
770101794, 9 7177 777, 6
77017 440, 5 alat 804, ιο. 900, 7
7700406,7 7167 77, 9. 760, 7. 5²9· ι·
77007 778, ι. 657, 4 677, ι
agnoscere 798,6 ’ 816ιο7ωὸ797
7707770785, 7 8167077 507, 6
agor 949, 7 Albani 4ος, 4
77776007 707, 77, 70. 864, Albani· 777,4. 760, 8·
77 8167008777
agreste· 778, 7. 897,4 7167007564, 3 ·
7777111844, 7 Albanum 71 ς, 1
7777817 809, 6 71677777 679, 9
agrestium 747, 7. 760, 8 7117710707 707,- 7
7771 777, 8. 697, 7. 796, 4 7161 577, 6
77717010847, 77 Albi, pr. 775, ι. 7ς7,9.
7771701707 506, 8 7466
777100117 784, 7 albicat 70, 4
8771717776,4.654,6 8161019079 0
8110007700

 

