Vocnnununuu 099199.

1191119791, ensem 141, 3 1119119191566, 7 .
elephas 1111111 849, 4 ensesque, 19. 455, 5 11191991 997, 9
1111119111 589, 1 1111968,5. 141. 9. 594, 9. 1119191496. 5
eliciet 199, 5, 4¹¹»t 617, 1 erigimur 719, fi

⁵ ·1111111791,1 1911116. 589,1 ’ 111911651,11

, 1119111784 1911194,9.495,5 1111991196. ς
eliquet 751, 1 ¹ ephebi 846, 6 19999 59, 5. 719, 5
eliserit 6699 · Ephesum 19,1 1991119198 ·
11111691, 3 19619911 799, 1 eriperem 656, 8
ellebori, ’11. hellebori Epichrrmi 894, 1 eriperet 597, 19
1191911151, 8 Epicuri 747, 19 eripi 197, 6
eloquium 891,.1ς ‘Epidaurius 599, 9 11191191 614, 9
eludebat 894, 8 1918911857, 11 1119111549, 8
eludente 695, 4 1991695, 6 eripiet 685, 5. 757, 9
1191111411, 6 191119 649, 14. 711, 1 eripiunt 998,,9
erutuet 1, 11 ' 199111185, 6. 496, 6 11191811859, 14
1191191 dp, 4 199111 197, 4. 998, 1. 617, 5 1119911111, 5
191191191191461, 1 epulum 647, 1 1111111197, 9
11911 648, 19 1991118, 9. 195, 5 1919111491, 4
1911191511, 14 1991184, 9. 145, 4. 991, 1. 1111111158, 6. 589, 7
1919899194 4491. 481, 6. 494, ς. 191119191594,7 · 1
emendat2835,6 . , 516, 4. 741, 4. 791, 8. 11111918,1.895,6.919,8’
emendaturus 711, 9 847, 11 ’ 1111111949, 7
191181191791, 7 equestrem 996, 3 v
emendes 818, 1 1991811797, r2 ,
emene0644,3 1991 564, 1. 7998 ·· 11111111. 711,7
1911111794, 19911111ἑό18. 11199116. 117,9
191111111 894, 9 1911199919, 5. 684, 6, 698, 11191649, 5, 7.84ο, 11. 865,
1911998988 4. 896. 4 15. 999, 1. 919, 9
emirabitur 19, 8 equine ubera, 899188 1111111594, 8. 644. 2
1111118111 873, 1¹ 1998112891, 9 erubescendis 194, 2
1111199874, 4 1991919879, r 1191111718, 9
emissum 814, 19 1119199161, 1 1191547, 3
emisti857,t 19111116, 1. 59, 4. 91, 8. 11911894, 1
19111851,19 697. 65, 7. dm. 151, 1191114497
1919νὶ16498 717911. 51511. 615, 8171191194
29989197844. 9141 19. 7681 7· 887, 19 erymanthi 86, 6
emptam, 10, 719, 5 equitare 14,1. 187, 4. 661, eser 719, 6
1919111651, 1 4 ’ eseae 691, 1
1919111648, ιο 99919195, 4 1119116199, 1
1919111867, 9 equitavit 989, 4 esculo 199, 6
1919197491 equitem 149, 8. 498, Ι. 619, Esquiliae 696, e
1919191179,1.691,11.867, 7. 774, rr Esquiliis 587, 6

8. 894, 9 equitet 881, 11 Esquiline 451, 8
,4991999599 ¹2 equitet, 11.-99111118 Esquilini 491, 6
1919199758,6.867,6,9 equitis 848.e 1111818487
11191815494 equitem 159,ς.117,1. 911, 111,911191911111619,9
emunito 899, 81 6. 8981 5 est, 91919119618799, 8
en 597, 5 equo 998, 9. 987, 9. 614, 111, 911191811691, 9. 717,
1111911874, 19 11. 611. 4 4 ¹
enavigandum, 4 1919191198, ς. 819, 1 1991111911515, 9. 517, 1
191111891189, t 19991 118, 9. 159, 5. 461, 111,9119119911544,1. 649
8111818ἕῖ568, 1ὃ ¹ 199718έέ8418 9681. 417, est 911111,1’119,1111199495,1
1111911181. ιο 4· 1119141. ³· 111. Esulaerrr·
‘eiiiihissi &²⁸⁹ss eqdi28⁷ii 74 791 6. 894, ‘filicum’ ς. ”mm
zani 697, i, 87 ,4. 8997 19. ipe: 8 ’ 191111,91.1.11191111
1911918187. 99,1 1111119111 mre ,
autemst 9118997998

Ι

 

