. 80011110100 00110οξ

651, 13. 697, 3. 70613. 1111111677, 8 viventes 501. ²

754, 9· 760, ¹. 761, 6. 1111110618, 4 viventi 510, 7· 69011,

851, 4. 861, 8 1111110111 633, 1 = 81111111117791 4· 79518
1111017095 1166117963 r 111111190115· ⁶²¹2 3· 7⁰¹2
11116, 1. 551, 1ο. 776, 1 111111 13, 7. 348, 7. 533,1. 4. 704, 8. 114113· 75429·
1161111136,7.160,11.161,1’ 536,11,14. 554, 17. 555, 76011· 1108. 7771413· -
1610110611, 5 1, u. 575, 11. 631,1. 818,1.8’75, 14
1111101333, 5 703, 6, 705, 5, 811, 5. vivere nec 116111, 1110 suaviter
1161111715, 5 810, 5 76314
viselli 514, 3 vitiis pinguem albumque 614, 111010 10Θέ 8711 7
0οηῃοῳ1 1 vamss
visentur 110, 3 7111473, 5²4¹ 1357611. viveret 549, 4. 866, 17 ,
1111119, 4. 141, 5. 155, 6. 657, 6. 668, 7. 691, 7. 61111331 ¹· 7741 Ι17801

,⁴¹⁵³ 3· 497, 6. 591, 16 71858. 809, 5. 870, 7. ,8
11611747, 9 906, 4 1011155, 4. 684, 11
1161 351, 11 ⁷ vitiorum 534,1. 553, 6. 819, vividus 116. 6
visu mirabile 861, 4 9 vivimus 596, 3
visum 65, 11. 116,1 vitiosa 117, 1. 731, 8 νίν87801 8· 797, ⁶
, 116010189514 111106011111181,1 11015395. 536,1. 55²» '
11101604, 3. 765,15.863,1 vitiosum 711, 1. 75818. 857, 11- 758. ¹· 80¹, 2· 34116
vita 395, 8, 417, 1, 493,5, 8 16νὶ16657, 3

swwwhffiffldfffflfflmd fflfflm& .

616, 6. 640, 1. 701, 8. 11111144, 4. 330, 6 1711101 1158
,³13323’62‘,⁷7³.²;³¹‚¹’⁶⁷⁷⁴’⁶ lizzzss’giifzzizf’ ἑ 11. ζέἶὲζ 7181Ϊξξ5411ῗῗξ1ἷ 8.
vitabit 360, 4 805, 10 431, 5 7721 4
1111111, 3. 31,6. 88, 5. 511, vitium 530, 1. 53410. 531, 11101010 605, 5

4. 536, 4. 618, 8. 681,1. 3. 553,1. 619,1. 630,6. 11101610, 1

69411· 691111· 111110. 6101· 101. 1· 80115· vivum 8¹2 3· 902, ¹¹

161. ¹0· 805,5.s13‚7. 858, 10. 8916 vivunt 114. 3· 4002 1· ⁶15»

865, 6. 866, 4. 901411. 1ῐῐί0111110111101680,3 11. 701,7

901, 5. 908,7 11011658,7 vix 60, 6. 105, 1. 140, 4. ,
’1111111064 1111001118 “ 111. 1· 153· ¹¹· 61411·
vitalis 618, 9 vitreo 366, 3 701, 6· 719, 12
1111111146, 1. 171514. 511, 1111078, 5. 302, 1 1111111401, 8 ,

3. 554, 6. 708, 11. 777, 11111304,8 1Ῑί1116515915 ’

10. 817, 11 1110111656, 1 Ι 1.11341,1.357.1. 551,7
1611616491 1111011135, ς. 6691 1111111515, 3. 519, 5. 570,

- 1111115191 vitulis 1171 10.620‚2. 778‚8
vitantis 676, 3 1110101198, 3 181ίῖ11718. 3
vitate 865, 10 1110101311, 4 Vixit ²⁶3, ¹· 6*171 6· 70416·
1111191, 1. 711, 7 1111100618, 1 . 803. -10
11111361. 431, 3. 893, 3· 11111Ξο1636, 9 11001198. ¹

899,4 ,9113134 , 0111111578, 3. 814,14
vitatu 554, 3 vivam, 11111, 671, 7 ulcerosum& 6
11111110 619, 1 vivam, verb. 51316. 5499. un· 181, 1. 108, 6. 701,7
111111895, ις 555, 6. 817, 6 1111110841, 4 ’
111175, 1. 145, 3 1111111731, 1 ΰῙῙῙ 6481 ¹¹
vitellum 671, 1 vivas 346, 5. 651, 13. 759, 0111011111, 7
11111101677, 11 1. 867,7 0111111195, 3. 718,7 ’
vitem 119, 5. 8854 vivat 111, 5. 506,1. 5501 0107091679611
virent 711,5 8. 553, 9. 736, 5. 806, 0111101111. 1.766, 10
vites, verb. 61, 3. 418, 5 1 0111110111 441, 1
vites, 111111. 85, 1. 768, 5 11111137, 6. 878, 4 0111 410, 1. 439, 3. 449, 5
„vitet 199, 8. 594, 6. 743, vive 691,11. 701, 9, 10. 0111711,1

11 7591 , . 0111101136,1.115,1. 549
vitia 146,1. 519, 8. 531, 1111011719,13.739,10 10. 583, 4. 801, 3. 806

7. 533, 4. 5345 viventem 7⁸7³? 4cc j h·

· c u 1110

 

