844446464444 0444444444. .

44464434 ’ 4664447464 464ἰ477ο,6, .
144644 478,7. 484, .344, 4446444476, 4. 834, 44 44484448 8.6

4. 344, 4. 336, 8. 3,4. nostrum 19,n. 444, 4. 643, 44444444 6346

748, 7. 744,3 7. 833, 3 8144464444 334, 8
44444644ῡῶ43 , 44 nastrum, 4714446646, 4. 8604885764 . ¹
144 6444 mm, 747, Γ novo 438, 4. 4444. 444, ς. 4
v 3 4444 3, 6. 436, 7. 464, 4. 3774. 3743 ,
mmm 4446. ⁸1⁸· 9⁸· 444. 8· 644. 4· 446. ¹· ¹=⁰v0¹⁶3⁶. 4· 6444

7 . 794, ς. 848, 4 44444444 448, 4. 876, 44

444 6444464 638, 46 8066666444. 877,7 44444 636, 3. 6448 Ι ’
nontamen 37, 3. 47,4 44464443434 nox 44, 4. 443, 4. 438, 44.
nonu ndnzq 4446843443 36416443. 7· 4774 ¹·
:3:3122⁰:;⁰⁵;³›¹*⁵⁷¹·³ 84444· 6 ⁷· 44· ⁵⁵⁷⁶· ¹*
4444644744 633, 4 4464643666, 4. 887, 4 4464 64, 4. mn

444 44644ιὶ4 434, 3 notando 333, 6 nubta: 840, 10. 846,6

mavult 663, 44. 873, 44 notante 374, 3 44644 34, 4. 444. 4. 447, 4. “

44444164344,8 4444443336 69348 ⁴
⁴ nomi 334, 11 nubet 688, 3
44444, 44746. 436, 44. 366, nubibus 184, 1. ς4,4
4444444763, 44 ’ 6. 886,4 · 4446414344· ulfi
46464444 4484. 467, m. notat804,5 nubium 369,1
834, 3 notatu· 744, 4 nuce 683, 6. 834, 5
1644464,4.348,3,ς33,3. 8844663483 44444633, 3
686, 4 Noti 47, 4 444464 8343
majam, 164741 4464444444844444
886.4,”.5”·”“ ”ms ⁷ :33:3⁵²⁷··
, · 4
Noricum} notin: 4446349454, 4. 844,4 444844 8741345
Noricus 4464 68, 4 Noto 464, 3. 466, 44 nudam 744,4
44464346, 7. 592‚6 44444746,4.833,43.343,3 nudavit 8344
norma 444, 4. 878, 7 44444 366, 3 nudet 686, 6
44444, 3. 26,4.27,1o,bis. notem 3844334, 46. 734, nudi· 344, 6. 434, 4. 388, ’
34, 6. 434, 6. 464, 3. 443, ς. 843, 8. 876, 3 44. 634, 3
3.484,4.337,6,8.334, 464446444464444476 44 4464343, ιο, 343, 3. 844,
3. 334, 44. 443, 6. 484, 4434843ιὲ4144,4.363,3.· 13 ⁶⁰
·544.41·ς4.4444. 4. 34944 · ¹¹ um ‚3
33 464. ³· 47147· 644. 4474337463 5433. 3· 464. ”⁰222 464437· 644. 4. liu
noscent237.3 4444344346 ,4. 433, 44344364, 436463
noster: 710, 7. 344, 44 4. 483, 3. 4866. 433, 3. 4443444643. 8. 8384
44644463,3 344, 4. 367, 4. 483, 4. 4434448444
nosmet 336, 44. 6ο8,4 677, 4. 636, 3. 844, 3. 4434443344
44647434 864, 6. 876, 44. 877, 3 4444446377 .
¹²⁰‘s‘t59727 mu226.8.320‚5.490‚2 ...444444668664
noster 637, 44 , amm 434, 4. 8834 nugi· 664, 44. 844 3. 844
nosti 4348. 34444. 374, 4444444443 .344,3 ’ ⁸
4. 644, 3. 737,3 444444 447. 344,4 44614343. 444, 3. um.
4464447ο,4.644,4.838,3, novem 464 864, 3 4444. 446, 7. 434, 44.
bis· 849, 3. 877, u 444446414434,4 384, 3. 486, 3. 334 7.
44844 4468 novere· 444. 4 54414· 446 4· msu-
1108ῐί. saihsta· 4849 novi, m. 5925 7¹· 4· 446 4· 844. 4·
44466τὶ334ιὶ4. pla. 438, 43. 44464446. 346, ιο. 33, 3. 8666 ·
„offigjssjssssisssanaqsffi 6666666 2³· Μ’ ''gum'' Μ Μ’
Mn· 14. 4· 252, ιο· 444. Noviorum 484 4 unnim 446. 4· 4 64·
8. summm, 3 novi· 444,3. 36343844, 637, 4. 676, 8,· 3,4.
mmm 43384741. 433, 6. 386, 3. 67ο,4 868.4 ·
444, 3 novisti 733, 4. 774, 44
„3¹² 4486844

 

