194446494614 0441414441

11141631, 14 41414 44444318, 3 4141144833, 14
(111344,ιι333 ι 4144314, 3. 644,1 4141849 431,ι ι
41441ιί4944 434, 3 4114443644 4141114664

4194143643 citum 848 4 6464919449

9114446 34, 3 ‚ ιὶιιι 4149, 9. .,484 3. 6ι4, 6, 4144644843

64414339, 4. 349, ιο, 894,9 89414 414464443419
41441363, 3 ι144446,84 13. 3943 claudere 166, 6698, 5. 613,-
8144444363 4 4144441, ι, ,333, 3. 333,14. 14

9414444443 349, 3, bis. 943, 9 (3144411363, 4 785, 4
41441146· 8,4 4141144,3 thadim. 339, ιι
41ιιιι618, 4 ι1116414896,4 . 01446144 384, ιι
1149144839, ιι 4141947467 , 01446144413,9 744. 4
0144141 propr 643, 1 4441ιιιιι 333 ιο 41446944444.449,3
(1149949494. 41416399 ιίιίιιιιιι46, ι (1446441898 7

4144114433, 3 4141194483, 5 414444634, 3. 844, 3·
41444619, 9 4141114393, 4 41441644499,4

11444111 ς 941111· 4194 341, ¹ ⁶¹· «ιιι, ⁶ 4444
94614114 836 14 4141114444,9. 839, 3 4144414334, 4

4144144393 ι. 4141444331, ι.484, 4. 484,4 41·.41’44469 19

4144144181, 3, 413, 3, ,488, 4144144444 555 3 clausu 441, 6

ω3119148, ,3 4141441139,ι,4,69, 8. 431, 64464444986, 383,6. 834,
41494 361ς 41464 436 5. 415, 44 4144194398,4

tingentem 34ι, 9 clad 644 433, 3 4141444 399,4, 334, 3. 3333
4144891144 346,9 , 4141441114 ιο, 43 ι, 394, 4

4144144994 4144114114 33, ιι 4144944414 84, 4

419944 383,4 4144444644 644 ι’ 4144444144, 8

01444449, 4 4141444393, 31 tlie⁶m411,1. 366, ι. 864,
(1144146334 41444144 393 4. 8ο3,3

81444893 clament 639 6. 833, 3 6146414443, 3 »
1111444338 4144141349, 3. 643,ι3, 398, (1144444331, 3

eum 393 9 13. 983, ,9 4114411839, ιο
4164413644 414449 13,3, 844, ιο 411444164443,9 4448 ,
61199634,4ι14444144,9.483,4 333, 3, 4144444334
ιιιιιιιι 333 43369. 681,1 398 19 011949. 4

4114444434 394 16 4144944336,9396,9. 815, 41441144 364 93834

9144146444 346 3, ιο ιο 414494 383 ,4

circumlita 334. 3 41448144444393,3ὼ414444443666,98

ἓιιιιι9οοί141114,689,ω ,4 91414144 38344 31949343, 9ι
α1411ἒ19461211ιι1 86 4161616193 318997, bis. 01411414 364 i
circumtonuit⁶ 8,8 ι141144ο,4. 394,3, 414, 9139441984
1194444344 4,8 , 04161113, 4
4114444441444888,4 4141194444, 4, 489, 8 0416194468,14
9194491414 5. 618,6 4141143991 8987, 914, 041694334,9
4144449694 344, 3 Coa 344, 4
4111 am 807 13 41411443 9,6 4946191336, 13
ι1ι4441,4.413,9.396,3 clm 498, ⁹’6⁵. 3334. 4836, 4946441694339, 13
4114141339, 3 . 09441314
0168111649ᾃι94944 121944 011ξωῦ85494 comi! §⁶35 3

1191· 1111 4 dmsvm cm· 111 m
41444 99414, ,4. 9446, 295⁷ 4141494443,9, ,398,4. 363, coeto7061,815 ‹
,118 ἶ* ” ⁷³ 1149 11416
§thum 503,³ 4 096144 3194
ema· 59,4 393, 3. 634,4. 01211{⁸'⁷e,.1414. 436,3.498, 19. 444441834, 4

,683 3. 8334 344, 6 emt 751 ι
4119994, 6 4148441615, 491414419,4,483,1

4 1144 4414644

circumgemit 48 3 7 (11111οΝ811θῦ ¹ ²875?

 

