INDEX

077787 77777. 9878, 499, 7. 9777797877 583 4 97798 8799 9778, bk 69978977
677 4 7778776 477 7 67776 67-7777 4
9798797879914847748877944. 8. 779 6 ’ 7 9777 679 ς
446, 7. 479. 6. 539, 5. capitium33608. ‚5. 679,.9 9996944879, 9
6777 77 6677 7777776 7 7,7777 w 767677
977787748ιᾶ. 22, 4 979877, 7787797979 978 6 9776999 667 2. 777. 4
9777788777 797 78 9778777947. 479, 797 6479 9779977697 974 77
97977 967 5. 699,6 97777777 797997 777 977 77997 697 7
97778789· 97997 077879 999, 9 99778 997 97 6
97987897 moros· 49 7 “ C²pfft0131115580 9779 Με9997784.3
onor? 903, 4 ,07786988994999 79 977,899787897 33
2888883. {23883233 88787. 878ἰέ87887*
Ι 8888188188694897 9 0773786709995967, 2 {2:322‘2‘03‘. ⁴⁶⁸¹37
cantab.. 797 7,,788 4478, 9787979679, 77. 797, 5 wentenum, 4. 343. ²·

6· 767 4 0960077776 74677

· ambimus 997, 9 9777779 797,9 97799794 789. 8

cambitum.. 8 07779 8987976897787, 7 97799787789999864, 79
cantabo 884 3 977797 977,7 ctrent383333 3.5 ι
887977ὴί97879. 77 9777979779. 8. 998, 4. .477,7 9779997 796 7. 8959
0797747997779, 9 · 97777974 67 9 977979 487 2
9797799477. 77 07778999, 79 97799799. 87897, 3 355.
9797779797, 9. 99977 7699, Capricornus 777 7 ..996 79. m, 13

467777 · 77777677· 44777 777776 6797777

979977 558 3. 999, 79 9779978794 34
nutemus 786 7 97778798997999 9777 94 77 744, 79
9796978489, 2 0777897999, 6 9778977994
7 9777877977, 9, 9 , 9777997976, ι 99899696
9797989μό 799.. 3. 598⁸ 97776899, 8 carinum 466, 79
9777979497. 887, 9779999 cap 84946, 777 603,- 7 carmanos 7649
9497977697 999 7 97777797,.7 699, 47718,77 97777 796 7. 403. 15· 5¹².
’ 9497ῳί79777 844,6 79
9:333284,3. 313, 3. 4748 97798894 9777797777,.4 967.7 997.
9797999787 996 9 captu, ’77 77 9..4697 5. 479777 77498 6·
9777797949 796,7.947,.6 97777778,494 7. 97977. 997. 7448. 898, 97654717

47677 776 777 7 6777 77 777 4
9777997 999, 7 7777797 687 9 earmina 77, 8. 64, 4· 6677
07998 967, 6. 6997 9777797684, 6 4. 7997. 969, 6. 335.
0799698699, 79 9777797 899 3 5. 479, 4489, 747 6777
979798897778.ς 9777977 388 6, 678. 77. 67078 77865
9977989797464,7 . 97777777 769 9. 78497 77, 818,77 896747 907.
9777777747, 7 9777949 76 5 9
0680, 07 “Ns 9777777979 897 5, 8497 8 977989971ιὸ897
97779887 974,8 77779877745 ς98,4 carmina, 88 96, oda, 8644
7777667 4677 77 76777 7777776677 ς 7776777777· 7767 77· 777
97798174 77 5 9777797896. 9 3 774777 74087 707 4647
3:33303s468⁸ 13 captum3⁶5 79 49 8 679. 85. 847.
94774 88997794, 6ι captus 223,u ⁶25, 5 7847 79114687. 844783 667 ¹¹
029833510„3 6,97 99944 4 869, 7. 89779
9748888789. 3 07797777,7 9779898697797. 4. 96778
97988887994. 7749.6 7996. 0779948977 §⁶²33 99, 99. 588,5. 330...

9747. 799.6.4.44 58 9777979, 97,77 4. 799, 6.
upilio 5336. 588, 79. 8‚75 382, 9. 799,7. 77964. aminis& 7. 989, 676997

opfin- 777767 4777744776ι 7677476767
’'1⁷³³'⁵' 74747 7 7767777 477777 77 77

Gom. 810...'65.0.1 9979997676,9
0861666707» ¹ 46977 696. 7. 689..7 6969. wo. veleham333,11.833.

...a 74776 677767 777777 7777 747 77676 7 Μ

 

