11611169, 8

· nltimam47, 1 ·

ultim-sm& .

1111111157,1

6161191154, ι

ultimum 174, ι. 417, 5

ultor 15, 4. 811,1

6ἷ111611,16,8 -

ulna 89, 6. 168, 5. 19116.

· 1111· nn& 228» 7·
nnufflmwmn
699, 8615, 1. 655, 1.
717, 4. 911, 11

1111ιῖ1 9611114685

ulna 911811 satin est 755, 9.
766,8

61116 581, 1. 54616. 561,
,5. 585, 8. 617, 1. 665,

. g. 684, 11. 689, S. 699,
7. 766, 14. 781, 6. 851,
1. 865,9

17111115ἳ1, 1

Ulubris 779, 5

1111116514 ·

ululantem 588, 11

6151111166. 486, 8. 489,1.
75318' 753,6 .

8851611 655, 16. 656, 6.
73714

83151161 691, 1

1111611656, 1

umbilicum 475. 8

umbra 32, 1. 74, 1. 111, 1.
wanwnwwn
7‘6, 16. 861,6

1111611· 191, 1. 516, 5

1116111166, 3. 868, 11

1116111186, 5. 55321· 557,

61166111 in coena 715, 7

umbreni 657, ι

1151117514

¹ 1116161111 141,9 ·

umbrosus 11, 6. 56, 1

υ1ῐ6ῐ11,1111811ἱ6ἱ111 ·

1111ῐ1511,16, 11

6168181488, 1. 455, 9. 699, 1.
Ι Ι

' unstnm630,5

1116111951. 614, 5

61611 114, 3. 456, 5. 686, 5.
797212· ὃ3117

6161111795, 7

1161968916

1116191 561,5

11116111 6995 894,1.916,7 11111161, 8. 476, 4. 551, 19111κ11416.ς

11111

1161111815, 5

1111111551 ,

616151, 5. 171, 1. 177,4.
206, 2· 236, 1· 2⁶0, ⁷0
7n4½m

11111111, ι

6161111868, 1

111611 547,11. 586, 4. 416,
1487

undenos 498, 4. 816,9

91119619111649, 11

11161194. 110, ι, 561, 5.
511, 5. 516,1. 757, 8.
861,7

1151166511

1111911619

ungit811,2

1115915815

11151916111. 764, 6

ωωωψωψω.
11

unguenta 166, 6. 175, 1
615161111161659, 1
unguentum 565, 9. 965, 5
ungues875, 16. 899,5
ungui 181,4. 178,1.811,9
6151161117, 11. 151,8. 451,
*numm
6111111481, 6. 514111
uui dan 156, 4. 158, 4. 619,

·16161161

91181695

unic'n 116,6

unic03o4,5

1111111465,5. 571,8

119 75, 7. 181. 5. 191, 4.
456, 7. 515, 1. 514,1.
18661711
819,4 851, 4. 846, 1.
866, 17

6191491181, 1. 111, 1. 459,

. 11461141616111111·
mffinunwm
smnmmnm„
587, 19. 861,1. 811, 7.
89816

“num 29, 4· 4441 4· 554· ¹¹·

mmumwdnn,
648, 16. 665, 6, 5. 668, ι.

851, 111611. 841‚2
unum 8111111111 87 ,1
unum id aest, solum 698, 8
6111919691611761869, 2
unumquenque 898, 8

11Μ1ωωή1
6051 5·- ¹⁹ 4⁴ 6439 6·
6611. ⁷5 05· ’1111Ι
61118161161684, 7. 856, 9.
nnn 6118111876, x
6111616488, 6
1916114118 ’
1966161111 665, 4. 864, 5. 878,

1611161156, 3
mmm
vocanti 114. 6. 184,7
vocantis 116, 1
nonnunqum. 855,5
πώψ1ωηηή1
19611155. 6, 78813
19611171,8.131.7-181.ι1ι
589, 5. 716,9. 7887. 858,
ι1. 86916. 867, 11
vocata 11, 6. 4445. 4502
881 44
1961616514
1111189411
1661161119, 5611. 766, 5
16111114959
vooe 41, ,5. 45, 5. 158, 1.
406, 9. 4481 ¹· 45⁴⁰ 7·
11· n:- ³·
¹ Ι
νοςειι11εηιᾶ964,8 ·
vocem 9111

’ 16661116111886, 4

voce· 11911111 185, 9. 511. 8·
559, 6. 591,1. 717, 6.
7³⁷, 9. 3805 ¹· ⁸49, 8·
891, '4⁸ 9⁰⁰2 ¹²

16161 reddere 887, 6

16161616. 61, ι

vocnt 11, ς. 665, 5. 684, n

ffifflssffiffium
11. 4481· 49419

vobin 370, 16

1611111941. 86911

8911111161765, ι

volantem 146, 7

volantes 115, 7

16111814, 15

1911164846

1916611811, 1

1911115614

1611111886, 11

1111111419, 7

vole·

 

