5,11111,

931.ς.411,1.455,ι.468, 1101118516 v{¹{1289002
um, 1. 617, 5, 5, 1ο. 1111111ῐό566 ’1111111795
7¹4· ιο. 748, 4. 795, 5, 111111156ο,7. 774,1ο 1111111888, 1ο
818, 5 11611111 617, ι’ 111111 518, 8
111111151181ο111, imm. violenta 1ο,4 111111111111815,9
111111, 111111, 1111111161·”’···
τῖὲῐῑηηᾶη &maim-33³3 1111611811. 18161·
11131111· ¹: ''¹³3³”²⁵⁹‘ ⁸· ⁴⁴⁵⁹ ⁹⁴⁸⁵ 1188..
ψωήᾝ ώωψψωωᾴὼηίψψψι
unat 157, 4. 574, 5, 746, 5ιο, 6. 518, ιο. 519, 4. Ι198, 8. 814. ιο,

8 ’ 515, 8. 817, ι 11111111 14ο, 1. 115, 5. 141,

,φ’

vincentem 879, 5 111 61111711, 7. 761, 11. 8. 544,1. 8545
1111116111515,ι 799. 3· 800» 5. 811, 11111417,6. 57ο,9
1111114698, 714415. 854, 9 virtu· 158, 1. 176, 1. 141,
A ,5 11181111819111111798,9. ι,5.17ο,6. 5161555,
1119154111 911, 14 , 6. 579,1. 597, 6. 4ο1,
11111 581, 11. 596, ιο 111111471,6 5. 465, 6. 481, 5. 484,
11111115654 1111111675 5. 5ο1, ιο. 554, 8. 585,
1111111651,1ο.619,1 111111111851,5 5. 96, 9. 6οο, 6. 619,
111111461, 5. 494, 5, 765, 1111111411. 99,ι 7. 11, 5. 648, 1. 685,
⁸ ’1111114114 1811 1· 681. 1· 111.1·111.

1111148915 11111164, ιι. 517, 6. 568, 6. 1114. ¹0· 80⁶. ¹⁰· ⁸⁰⁹·
’ 1116114ο6, ι. 891, ιι 411, 5. 458, 1. 614, 8. 89851, 6. 876,4. 411,
1118118414 811, 1. 85415 ²

11181111 4ο7,8 111111111111815, 15 11111118 1111111615111 718,
111ἂ11116.1·111.1.811. 11411441. 161 ,1 h ‚
111516159911. 591, 6. 645, 81η111ω19136ξ118ῗ7ἶ5 ”⁸:⁰⁸ ml ”sm'u'uh

5. 7ιο, 1 8114111111 16,4 111111911111111111 719,4
vincon} 57,1 Ὺ114111111561,4. 565, 1. 575, virtute 557, 15. 415, ιο. 478.
81111111577,6.416,5 1. 611, 5. 854,ι 1. 191659, 7. 648.
1111111111ο1584,5 1114111164, 1. 5696 4. 699, 11. 781, 5. 847,
1111114111 ’4111111614 1· 111. 1. Β18. 1· 114.
11118111 889, 9 11191111 11, 7· 11, 8. 85, 4. 11
vindicem 586,4 · 18 ,ιο. 517, 9. 496,1 111111111556,5.755,9954,
’ww v‘ 811196, 7. 159, 5. ιι. 816,11. 81ο,1. 151,
1111148411 676, 5 56411 ⁶ 11
mazzo. ⁸5¹2? νιὼιῖιξιέἑᾝ ιο. 115, 9. 11191111415,8.555,11,841,
1111 11,6. 151, ι. 511, 4. 196, 11. 515, 1. 548, . 1111111619, 5

658,1. 818,6 59ο,ι’ 1111111611719, 1. 811, 7.
81111111 515, ιο 111411 718. 5 816, 4
81111784, 1 virgo 51, 4. 146, 4. 177, 6. 11111111557, 5 516, 11716.
111111. 1· 101. 1· 111. 1. 111. 1· 118. 4· 1111 ,1· ,8111

474, 8. 656, 1. 714, 8. 1111, 615. 555, 6. 454, 9. 11111111111111799,15

718, 5. 811, 8. 845, 5. 4781 11111149, 1. 146, 1ο. 141.

8111· 111. ¹0 11111111· 11· 1· 111.6 1 1111· 1111· 111. 1·
1111617898 1111114794 540, 6. 6οι, 597, 8. 885,1
111111171711. 818,6 . 785,4 815, 8. 87ο,4. 1111111448
8811111619,6,678, 5, 788, 76,ι 111, men, 200, 4. 110, 1.

11 · ’ 111111171,4-91, 6. 551, 6. 1649 5991· 4016·
1111161544 5194. 718,9 411, 9. 451, 1. 454. 4·
1111111955 111111 5, 8. 11,4. 171, 5. 1457, ι. 5489
1111111611. ις 1411· 1184 111.11νό.111.1.411.1·4901
1118111141 1111111 87,ι ι 1. 514, 6. 546, 5. 59959

8

 

