96497 679. 9

91149199 499, 79. 767, 9

166744 7
9119747 7,9ο 9
96191991996, 6

«667749Η ²· 7694 877.

. 6114199499, 6
9614199994, 9

11131711.

officioso} 666, 7
96414999 79. 596, 5

’ 9“.699,79996,1

. 99199699995, ,9

-1Ν11ΕΧ

99996 794, 6
omaso 669, 79

88868 646 1
aminea 99
ominibus 969, 79

796· 779 9
97911647 77, 6. 754, 49

ωωκω69
omittat 676, 6

9991449994, 9 679, 7
999999, 9. 949, 9. 9594·

Μηψω9ψ9
37⁸³ ¹· 4²⁶· 84467 6·

6117ῑέ

999976 9.99.977,

6466 7744·

999119 996, 6
9994 9 979, 4
999699 977, 79
99911999 699, t
9991199 767, 6

. 99774799

7479798. 7
omnus

,9449999978 774 4696· ³¹⁴· ⁴· ³¹⁷·'7 ³³ ⁸' ’,Ὦξὲςῦη
6

911919 um 19919 694. 77

46777. 9 644· ¹³
oleam 766 9. 699, 9

91979 699, 5
9191699, 7

97499 697 6

entem 469, 9 ·
9199941999, 5
914941779,9

447· ¹0· 47476· 168980·
976, 9. 6996

99799 quod 799, 9
7

47687

99799491979961999999 9 mm 61370667
14419497. 7 7ο8.9· 881. oper-‚am 4.ιῖἰ 2
· opere 9919699ὶωί99 699, 9 ¹

97949999.

99949991941479, 894. 747, ung-³³22? 777, 47.

’ ’ 9447144994, 7. 54,5. 769,.4 979997199999979, 99

91477 6997. 699, 9. 748. 776, 7. 769,4. 478. 6· 6768847688· 581· 1·
’ 487. 7 9494. 4766· 6467836478· 748. ⁶

91477967, 599.. 6. 774. 44689· 4274· 74614· 7764764. ¹
⁵¹¹³ 7. 998·.4.747.ῐ4 1761749964649879 ¹

7199796696. 7966
olida 797, 9

9119449, 9. 799, 9. 9991.
4119 7·

9764 4497. 477. 7. 4911777.

8 9161418111·

9149119798 8-··7677 «

u·fflnmmffi
9778771· 6499· 77 .7

³7⁶³ ¹0³ 6110, 86 687·

779 ³ 7798. 1³· 778. 99991798

97874 ⁶⁸⁴⁰⁷³
99717Ν47491667Λ

· 4991967976

9794,967

91119 799,9. 475, 7. 6794.

9116177796, 6

alneu· 974, 9

olivo 969, 9. 677, 4. 676,
9111479499, 6 ”
91119679, 6

7191199999, 79. 969, 9
oluerunt 676 9

²¹7³78
95797. 991, 9.

796947

94164697

,. 9476· 4194
47497· 7491644998

4764849994·
69 999167799694 694499791Βί196 9744499799,44
97999799 9799679, 9

muns. 4 ⁷⁵⁸³ 7· 978. 4491971746 449749.

7· 7796· 747. 4 7. ’877114111111111999

6764. 779, 79. 797, 9799999οό99, 6

99791199996 6,9.999,.4969, 967, 79. 799, 5
81·110.8·11···8818796 16496· 68786·

669, 11
99911999991976 4, 11 ,

9991996749. 799, 9 9711499999, ,9 665, 49
997919 99, 6. ⁶18,3 4. 947, 97119791949μ694, 99

1879849971· 94647499. 9496

667·66 64864696·

8188816778· 18896· 664764

1³

971949 466, 79

784779417896199 74976497769974194948

6..6774744-.748,4·

844 7. ³ 8699
oluscula 699,,7

’ 01997719·,96 79
01799149999

7 ’ 0179779969, 4

677774· 76.. 7

9977111971 1797994995, 9
9799199776 9,7. 999, 9. 959,
9919941199 697, 9,
9994949649, 9

mm, 7 ⁴

9719779 776, 9

1917117744. 9 744. ¹⁸,

078414 671. 4

opimum 647, 7
9917999 969,7

41. ¹²·
77, 79.

8698· 88786364

ο4844747. 9· 7899 8η.

8411777

441·

 

 

