. ., 5Ν5)Εχ.

11111111· “z

11111465, 5 ·

consolatium, 4 ‚

1661161111 515, 6
continui 11166111 796, 4

,6151511695 nom. 845, console 1111. 146, 1. 186, concinnit 154,9

conjugibus 581, 6. 46117 .
1611515116, 1. 151, 4. 171,3
81ῑὲ88ῑέ · ’

,ωψημῦωψ

connectere 861, 14
conopeum 461,6
33:¹¹⁷ 68815 8· 78816 .
conscicntia 446, 7
conscio 178,7
1611111719, 11
1661111911 966,8
ΜΜὝΛ
¹ consecute 14,7
166111111111, 5
6611111111 m
1611111615 7, 1. 769,11
66111111586,5 “
666611164,9

1666111 164, 9
confilinntibuc 151, 8
confini· 191, 6. 578, 6. 411,
16181116 171,1

, 1611111118

6666661611
ὦῇῶῴη
consulenti 149, 5
161111111655, s
consuli· 11111. 551, 4
consulis 666. 865, 1
16111816981. 798, 5
1616111799, ,45
consultis 866, 19
consulto 661, 6
consum! 5061 ⁹
consultae 117, 5. som
nonsoltue 511111 964, 11

16111666 575,1. 577, 14.
651, 6. 7165

ἻὮὝψΜΜΜ

. 1, ’

1666161656, 1

6661116611 768,6

1111161761,1

1611111111 196, 16

66161111519,8

contraxit 471. 1

1ο1111111161815,5

confremuit 195, 4

1611111111519, 5

1161111111 575, 4. 768, 5

contudit 175, 6. 765, 1. 818,

consumerem, 1. 758,4 8

1668661711655, 5 ’
consumet 594, 5

‘ consumimus 865, 16

1616511486,9.781,6
contaminato 159, 8
1661116111757, 1

τ contemnat 556, 8. 718, 16

, contemnere, 196111. 511, 8.
16611861814116649, 1
161111111794, 1 ·

16161111161,1.517,4.417, contemplere 516, 4
15. 555, 4. 646, 4. 665, contempleris 555, 7

9. 716,16

, Μψψψμῦ

1616616111597,7 4
6111116119,
,consseiwfim
16616161 581,6
mmmm
1611716111 895, 1
1611919611 7546
cons 1111 764, 4 ,
666161111161184, 1. 7959 . ,
1615911611 511, 5
161761168511 ι
constanter 765, 6
16181611181,6 ,
16111111478, 5
166811661765. 4
1618111 7885
1616116787
1611111611 885. Q
constiterint 58, 4, 2
16111111 445, 1
concnam 571,5
1666116111516,1
1668161611698, 1.
consone 1111161111.

&mmm .

, 161111191661685, 6

contemplor 511, tq
6661111761 16,8
1611161916 445, 1

491116611146, · 78814

contendere 5997. 716, 14.
, 775, 11. 811, 8

contendit 486, 5

, 16111111476, 8

contento

ωῦωῆῑῦῗῃ, 3

one⁴ 765, fi

ἱ 16611116 7691111 711, 5

contentu· 5661. 1116 111·

1111111111 811, 15

1616511665, 5. 681, 1111,
ο 756, 1,848, 16

1611111111177, 6

, 1666167565

. ‘mmm 76714 Α

. manle? 6491318. 68818·

0,

, 166116511876, 15

5 66661511698,5 ,
ΜΨΜΜΜ

, 1611565611 865, 9 ·

9661161111 761,1

contulerim 561, 8

c contulerit 5⁶30? .

1611661111469, 11

‹ w& 45²n⁶

161116111745, 1
1661111116 771, 5
convenientia 881, 5. 961610

conveniet 774, ¹5· 8919
161111181854, 1

Ὕωψψωήώ

1611161111157, 3
convento 585, 14
conuerso 485. ,¹- 805, 5
16111161 887. ¹4
converso 569, 8
ωἶᾚὲξςε,
{zvini 584, 4⁹

· 16111116 574, 8

19111661551, 16 .
6661111167, 5· 471241 5¹3·

, 5. 611, 1. 655, 6. 6761..

mnmnmn

78n⁹ ’
16611111 717, 6. 866, 4

,. ἒ. 555, 99. 668, 16. 616, convivam 761, 4. 766, 80711.⁴¹

1611311111566, 5

16171111611716, 4

convicia 17, 16. 557, 8. 751,
&mu »

conum 656, 6

conviviorum 468, 1

Coo 674, 1

„ 16691116619,5

1691175,1.111,1. 561,11. ,
516,14. 617, 1. 786, 1.

611116611
mo-

nfflm¹ .
nm

 

