71111116161101111111

6119 61ὶ6389 ‘u 7149 Ῑ sum ⁸¹⁷2 ⁷
6111111161 546, 7 1’11111111811171111 17
6111111999,11649,19 1’1111119831717
ὡωυήωψωώὼωωψὴωο
‘'gmsz ⁶ 1191171611 16,1

8
7111111497,16
1111111119, 1. 999, 4
1111111611 781, 1
summittit 676, 5
6111116 951, 9. 915, 8
11111161 189, 7
ffiwfflmz
6111116611 468, 16
summovere 117, 5
7111116111191, 4. 115, 5 11711111111791. 3
611111111 566, 1. 766, 1. 411 ἡ’7011111811371 ⁸

5 1691111116111 961, 8
superveniet 747, 8
supervenit 868, 1
1191115911
6191161716, n ¹
1191111166,1
7191111811111558, 7
616916
66166868ῑῖ68, 16487, 1. 869, ς
supplice 914, 8
supplicio 996, 8
81888885
1166611159ῒί ⁵
supremi 16111 86, 14
supremi 114, 9

7191116, 5. 17, 9. 45, t
stwssmmssm4
supetat 419, 1

61911111 155,7. 116, 5. 566»

1194111111417, 1 Α
superstites 451, 9
suP‘fflfi ι901 51 7
6171181661164 , 4
61946111756, 6

6111111181116 719, 4

1111111146 715, 5

1111911 18, 8. 876, 15

7111961894,9

1111911199

sumntum 519, 5. 681, 1.
86,9

[1119131111 9991

61119111576, 7. 686, 9

1111111991, 11. 556, 1. 561,
&ww

711116 886, 16

616867,1

61111111 69718

1161 15,1

sudumst

'fumat ⁴²90 3, Q, [1911116861. 499,16.748,5

summ 55, 1 1191116611818, 16

sumti. 4⁰5»ss 1191111111111, 7. 517, ¹3·

11991111 51, 8. 51411817, 747. 7

superat, 19411911111644, 66871517 &fg

2 4 6111161189, 8
6191111, 1144111911, 16 893ζὲ7,θὶᾈῇ ⁸
1111119111, 11. 819, 4
surgendum 586, ,1

surgente 185. 8. 54717
1191111696, 1
111411651, 8

stfflmmmm
11911111 111, 1. 756, 7
Μῴώ1
7194161561, 7. 851, 1
superbiam, 1
11911161 191, 4, 961,1 5
superbiunt, 4. 891, 11 11191178, 8. 691, 5
superbo 141, 5. 766, 19 [117111173941
71911811 45, 7, 54, 5, ¹30· 3. 11111Ι 1111116611, 19111
981, 8 7619111665, 7 ·

. superbum 169, 9. 118,11. 111911111414,7

Surrentina 677, 9
8611111161817, 11
surrent 598, 6

61Μ1

619166619441, 9. 478, 8. 488,
6· 7¹² ¹ ..
(799999 “ 240, 9, 896,6 summ!

-su

mmmmwffi3
11161111 946, 1

suscita 196, 6

suscitet 511, ¹3

1619161174, 4. 814, 11

[11916161 617, 11. 799, 14 ⁰

7119111111 556, 5
1119116111719, 11
111911111576, 4
suspendisse 14,7
11191611 899, 9
ἠψώμὴιπωι
71191116 576, 1. 719, 6
suspicati 166, 4
fus ἑ11755. 11
[1111114846
61111146ς
61811111198,1 , ,
1181111819, 11. 817, 1
1111111571, 4
118111111119, 1
818111111161. 4
1111111119,6.177,1. 538,

susurri 46, 9
susurros 716, 9

71191 541, 9. 5479 1, 5· ⁶⁴⁹»

11111867, 11

8761111194, 1
(ydem, 6161 fiden
79111111 894, 11

5112 514, 1

sym 89, §a 2122 41 3889 2·
70²2 ⁹· 77317

191111, 611117. 91, 4. 471, 3

711198, 4. 56. 4. 61, 9.

υη161ψ1·
,791691

7711111164, 7. 664, 4
87111111 491, 11
synnai 955, 9 ,
8711111111 849, 1
sylvarum 495, 1. 786, 3

6ΜἪ6Μ1Ἢ

1716181111 868, 11
[71118111 967, 9
sylvestria 619, 5

sylvia 87, 1. 499, 4. 448, 11.
467, 9. 649, 4. 761. 5·
166811664

671916111965, 4

syncerum, vide 6611111111

&mmm

ξγτξςη. 16 -
1617.

71 Bb5¹³³

1
1
Qu 7
J

 

