801110101011011111011.

ΞΞ81748111760 6,1 discedit 767, 8
isin 8088858 dilator 8, 7 discedite 707, 8
’ 6111101 7 ¹ 1111160861
611108016177 8110111,7 ¹ 611111001606, 11
8807111771 18118111118,.67 118,1 8811111170, 1
8110711777, 7 11111811 ²35 7 discere 508, 6. 718,8. 788, <
8807116047 8111118741 8,879,11 “
8111117707 · 8117101471, 77 “ 8111111841, 7
8111181111477, 1 8117111871. 7741, 874, 8111111001,77,7
dffltm ἵ 8116811811, 10 , disoeffim'xo 7058 ¹
8110116607 ¹ 1111111177, 4. 667,7 ·
811011617, 1 ’ 8711190710 ’
diluviem 417, 7 81111111 17,
6110111177οι0 ¹ 8111106116 ’68
81101118 747, 7 8111080141

87,

81011810 667 77 ¹ 81111 7800096107
o dimidium 16, 11111117 , 1
6171104087771. 716, 810180011617777 discite 11. 8
10111111 879 ι 61110 nom 76,.7 827,ss
81011111, 767, n 81110101809,4 ,
¹ 111110011οι1 777419 7337
81110181184711. 8698
611001811440,6.747,11.
, 670101101767, ,14 8166187778 6773, 737,
dirum· 1011· 1611 ³ 1614
8708111006. 17,,7 847,.6 11011111,”0 8111101111 discrepat 101, 6. .,577 6. 047,
8171111861,14 8101011611 1864 , 7
8171117111,778,8.877,1 111011161177,1Ι 6100908678. 8887
8170101107. 1 8100171787,14 811119011891, 1
8101176111.880,1·810101111771 discretae, 100, 7
8170161111 7401 677 ., discrimen 167. 7
81701111 707 6 dior 1,8811101119011
nio-edi 7 ¹ 811101, 611,8

mss moneris 5‚7 8111111704,11 ’
8η 1800110174,1 8111100177οΛ ’

8710111111, Dionyfi575, 11 disertus 810, 4
· dgna 'hwssb 7, 671, 81011771 8111111171, 8
06101161 161.60111.1.40.1411.161166111.1 «
1.770,4.871,7. 884, 7,, 611“1106100178888,17
4 61111,1 81811476, 1⁷0. 8077. 811, 8
8771,οι771 11. 7447711, 81110818 8 81611101 401,,7
0110007007 6111111744
1111461. 77, 1. ὠ, 10.’ 8111711169, 8 disparibus 787, 7
177, ,7. 7971. nm· 8111770111, 0811170101 8117101111714, 11
bis. 700, 7‚8. 677,4,4811111140171 disperenm596, 2
671, 4. 710, 6. ⁸²7¹?- 8111711170. 81119111 , 6119111101147, 1
86611 7077 81114717. 477, 8 819111181110
Dirbenefeenunrqudmoe. 6110110760, 1 θ1171111117711 ,
. [1166616881 10 88166866ὶ1076ξ8η . δι11’111”111116111611”1692 1
111116, 5. 61, 1. 77,1, 8111111767 7801 1111101111θό04
119, 8. 174, 4 1174.. 816771 . , 8’111111610,7
177, 11. 177, 1, 411, 8. dictum-15 808, 7 011116εο1177,1.
771, 6 ·1897 1164718. 68106117, 8 ¹ ’ 8111011188μ1 777, 7
’ 667,8 8111611171, 7 678111148717
671116111οη7, 7 61Η6111119Μ 8111111,1611 11
8111610111, v. 6111611161 6161111017Μ. 7887. 814, 6761011177 4. 10
87771104177 7816101111..01668,1777ἑω71.
· 1

 

