IND'EX

1011111011111719, 16 101101471,4 ·' 80119054 Ι

sollicitudine· 76, 1 1011011460, 5. 411, 6 51101001 814, 5

1010111011οω475,9 100101111101,1.104,1.598, 101 1156, ι’. 14144

sollicitum 61, 8. 517, 1. 707, 7 10171111 111, 5. 540, 5
11 , 1010149111 1010ἰᾲ11871

, 101111110955,6.510,1.661, sonat 591,1 1017111110 7051

5 Ι , 1001101001548,7 14111101101461, 5
10114] .556,15 1001016051 - 1011511ὔ9,9
1010, 7111. 98, ’1. 641, 11 1011110411 159, 4 sparge 511, 1. 691, ς
10101 507,1. 795, 8 1001101 5, 11 1411151111 446, 4
1011110778, 1 10110105, 5. 907, 7 spargent 111, 5
1011111549, 11 100001 111, 7 571. 9. 849, 1411401507, 10. 749, 11
101111148,7 9. 861, 14 896, 7. 505, 5115111756
10111101 475, 1 7 7115111400, 1
[0111418,1,11’1.491, 1. 1011014899 . 5714116561
7151 “ 80910008495 4115115111
§ainamma 10701945 ¹ 17111 711,5
1011011048.518,11.464, 107011448, 11 ρ1111111199,1
11 197011 651, 4 17111001 514, 1. 679, 5
1011110700, 9 5011111581 spanum 506, 1
solvet 11. 4· 17114· 8001 tardema 8100101111
solvi 155, 6 sordent 776, 8 17111111 588, 1
solvitur 10. 1 1011111575, 14. 598, 4 7111111654, 4
solum, subst. 75, 1. 176, 1. 10111100815, 5 1711111765. 8. 787, 6
’ 481,4 1011111810,7 spatio 585,11
101010,117’18.677, 5. 811,8 sordibus 491,1. 650,1.691, 1711101111147,4
solum, adv. 576, 11. 895, 7 7 1711100701, 14
141111 401, 5. 541,9. 541, 1010111750,8 spe 611, 5. 755, 6.79 6.
0. 51116. 578, 9. 187, 1010101147, 1 81719.841,15.8 , 5
6.817, 1. 798,5. 911, 10111101151.1.118,5 1711518704 .. ·
1011114651 1111οἀ11111114οῗ75 189, 5. 116, spe? nm mmm ’π’
1010111115 1. 11,8. 51511. 518, 1011110809,1.816,7
1010111 116,4. 169, 5. 567,4 1. 151, 10 14111101 ludentis 111111 864,
1010111 090001100111516, 1010195,1.504,7.645,14. 11
1013101001 581, 5 1011111715ςὸ, 5 ”Ὗςῗξῗξῖ 3176511. ’Μ
1010101 164, 6. 551, 8 1010100650, 15 17111011 54511864. 5885,
10101001 750, 6 ‚ 1010111101, 7. 188, 4. 196, 5. 901, 1
1010101450, 4. 450, 7. 699, 5 1 . 1711101111 815, 9
1010111 8,1 1010111101 511, Ι6. 5941 1910101001 799,
’ 10011111 04, 5. 855, 5. 870, 1010100160,8 11011101518,1 -
ί1481171 1⁰23 11. 7· 1⁶2, 1181. 1115111115 111. 1614. ⁶.
m Ι 5
11011011οἒ1 5541ῗ 10 10111 511, 7. 554, 8. 471, 1711131110 446, 11
sunno 15018 516446· 618. 7· ⁶⁵⁴· 2· 70²» 11714. spectantum 45². ιο. 585.
1. . 1 1 11
1001017917ῗ9. 116,’ 1. 1455, 10111710411101877, 14 1711111181 105, 1. 755, t
6.451,4.475,5. 551,5. 1ο111111.190,1.5ο5,1 171110111οω87
10ζέ11613191,1.141, 7115, 16211111ῗ1ῑ9608, ⁶ 17111101 759, 11
5.“ 749, 6. 7691. 904, 100111511891,1 141111011758,5
2 1111111401, 6 1711610111 751, 4
1010011141, 7197, 10566, 1011111701, 7, 880, 5 1911110111880, 9
n, 803, 6 1011110 440, 5 1011110101 850, 1
10100 197071 1110111 789,6 10111101141,1 , 1718111618,7.777,6.814,

sonabit 574, 4 10111101574,14ἱ , 1 ,
. ,. 1511111111 ’

 

