1116111866, 8
11611314, 3. 311, 3

'INDEX

Ι 1111111843, 1

1111111611 858, 8

nullius, 311111. louga‘ 815,1. 1111111311,

φῃὴό
nultius, 3111111. 611νὲ 486, 3.

1117165313, 3. 388, 6
, nullos 7³0» 11. 841, 5
nanum 119, 5489, 11. 111,

¹ 1166161 154, 4. 633,1. 73²·
1111196,9. 438, 3. 51614.
· ς· 6863115511814· 5732
9· 618, mn„ 6834· ⁶87,
11. 311, 11

111811611166

unge 5, 8, 9. 11, 4, 6. 11,

81111611
η1ψψῶηψ·
16611111
61 71 8· 289, 9· 3⁴²¹ 3'
wmumwmffi
7· 3951 616131 404, 3·
4631 91 ’004691 7· 47²² ³»
mmmmmmm
2⁵· 111. ¹¹· 8⁶7. 1111·
e

13113611 131, 1
1131313661 11, 1. 343, 11. 338,

O

²» ¹· η1 ²· 3²² Ὶ·
η11111ὴ
1.63,1.111,1.115,1.
ιψμηωηως
131, 1. 193,1.311,1.
1111· 1111· 14610·

² nummatum 355, 7
. 1111118519, ιο

, 11111111 51111. 513,11. 1311361113, 1. 1831

Γ
”fflffiffio ymssmmmffl
116116161663, 3 11, &Q
1111111381, 3 16111641, 11, 638, 3
1111811141,1 1131111118 ,3
11111ἱ11181,3 16631, 8. 3,,
00080111 418. 199, 8. 164, 611111, 8111111430, 1

4· 171,1. 483,1. 330, 1111111135, 1. 383, u

2· 3· 54¹, 11. 5⁶⁶27· 1111111631,13

gu, 3 689, 16. 313, 4, 16 8311, 4. 331, 5, 5⁴7· 4

...69611 1,, ,1, .. 1111111111
swmwwmfflfflfflffifl
461,1. 511, 8. 633,1. 05800000018000 64718
7331. 8331. 863, 3. 0580090716
87 3 34, 893, 3 0686 mm 6611086583 1

11311191,1. 591, 1 08081008 3782 3

. 11161181. 11 08018110. 3

111111311111 843, 9 nuptm 451, 1 0080614731 ¹
1111111143,1.811,1. 836, 1113131111 343, 3 0112081636, 9

‘ 1161116911111816911 866, 6666666619ζὸ37, 3 6866688606 ¹¹⁵5
4 1113111163, 5. 133,1 <Mt 4701 8

1116411111 631, 4. 766, 3, 6.“ 0Μο 7951 8
806 8 1611161158611

obibo 135, 7

16311116 516, 1

1631611191, 3

&mma
8611111838, 1

Numantinum

11111111 364, 11. 38 5,9. 448,
ωη1Μ1

numerabilis 891, 4

111111111651, 11

111111111633,3

1111111118ῗο, 11 ¹ Δ

1111111833, 1

1111111111 8⁶7‚7

1111111611333, 9

1111111881 367, 3. 545, 3. 855.
l· 13 ¹

1111119116, 1. 153,1. Ι148,
1Μ8Μ6Μ

numerum 389, 11
1111161615, 9. 358, 4
Numici 331, 1. 811, 9
1111111135, 6
861111611111198, 9
1111611433, 3. 842, 6
1111111191, 3. 381, 11
1116111851, 9

1111116393, 3
1111111139, 1

1116118335
11161118 343, 1
1166884816
1111183844 ’16311311 191, 3 Α
’ 1111311318,8 -. 3338111611534, 11
..,..,-.,., ., .. .., 81811ξ10101..1111111181
1111111111 11 6111111911, 6 nutrix 31, 4. 881, 1 1611811319. 3
numm 691, ’11 nutum 811, 11 16116611 911, 3
1111111111 651, 11. 856, 5. 1111131111. 836, 6
863, 6. 916, 4 111633, 3

1684111811
1611311111 ¹77=5
166311111433, 9
11,1. 538, 3. 643, 4. 131131111111311,4 16611111513, 11
πψωω1μΛωωωωψωηωωῃ
6, 6 obliquo 161, 4. 389, 8

3⁶7» ³ ΜΝ·

 

