 

44484484464

141417997694145

4466466484,

vehentem 5

verbereum

mbem463, 5

44484 644, 44

74411444· 4· 4444 324 4
441 44· 444· 4· 44, 4·
669, 58. 655, 44. 766, 45.
87,

4414414 4

verborum 877 9

verbum 44466 4466444 885,

4446644 545, 7. 5499. 874,
13. 85678. 876, 9. 944,

4443437τί4446 484 ,4

1110 5055 8»553 3· 5707·

„zia ἐξ. ,3 3

44444646664464, 5 715, 3
ν444666464489,7 894, 5
115810151945·8145 787)

444444 96, 8
4447 469,4. 644, 4, 44

= 4447486694, 5. 5896·

44843363ᾤὶ644 ,6 65741
6638, 5. 868,3 5. 886, 4.
901» 9

46744495, 2

44456749, 5

veritum, 44

vem· 8566

44464Ιί444 764, 1

444444, 7697744464496, 46,

144 4
44467576 ,5, 8998
4476774994
74446494 774,.4 944,4
44469497. 944, 44
4664446,6

j = verris, verb. 666, 4

4444744464. 549, 5
4444146495
4646474557, 4
44474966, 5

versant 388, 5 ,
4447474486, 2

444744 565 8. 746, 44
4445444 876, 4, 896, mis.

. versatur 464, 4

4841346464 8691
444744 664, 5

· 447444 9 5,4 44

¹ 447474464466,5

74644

44474464556,4
4446664649, 3. 844,67. 44844594, 4 -

5.854,8, 855, 6338784 4494464897. 4475

46, 879, n 89963. 96874 7444744 547,

6 4479446464 , , m
444646174547,9 4·457444666443853,7. 674, 54
744746764467, 4. 6694. 668, 755, 13

4 7474496. 468, 6. ,5947
44464 84 4 864, 44
44476 0353, ς Vestam 44 8
versu567,2610,1.613‚5.vest3133,‚518„ss 58144·

687,6 546,6 ,764, 49
44 7944 348 3. 9495, ,854, 4477446843, 4. 868,7
4443564,3 id 477, cirmini 596, 33Σ8393373,3435333 33333 33 333333

ι. 545, 346, 599, 7.44 44744479,44,614·749,44

4447 4441· 4 4 441,11444441

667, ι, 7468,7. ⁶¹3· 4. 4477974,764 45ἐ 754, 9844,

644,.,47454.856,9. 9.,.8,,8454648878,

846, 5, 844, 4. 859, 46, 4

866,.4 8935, 4. 4998, 44674444644,8,844,4
747375433634734744, 44 68563643936536764, 46· 844,
4447647769· 44,44966 4 4
versus 446944444646964,4 4477748444

449999 4644444 94914, duros,

444764 7661444449] 5 6
447444946,5 4671484466, 987. 46
461445676644ῃ85, ,9 4464644998, 6594, 7454
‚33333438393 5333 3 3 4446644 554, 44
4444464654, 4 46464448, 4
44474444 74994 4444444495, 44
4444444496,4 544, 5. 748, 4446648499
ιι. 845μό 974, 44 74646997
4444444744447666 894, 9 44444 44, 9,
44444444 576, 47,
44444444 4645
verterunt 462 7

447464 699, 3

44777444 4348, 5
vestu 88, 4
vestri 866, 6

, 3· ml·
88411

veterem 566,ι. 644, 8. 766,

verti 845, 8 7

*enicem ς 4444 4164 419444· 4 444· 41444·

4446444478, 4. 544, 5 6314144574 3654 5
vestitit, 31333, 4 444444 686 7

44411444·ι *44416131 144 4 144· ¹⁰·
ver3t25m. 46645 568, 8 649, 46
4444744448, 46. 856,4 4444466769, 4
vertumni· 764, 8 4· 444664 um 698, n. 711,
Vertumnum 844 7, 849, 9
44444856,5
vem3⁴⁶7 ⁶0 88⁴0!
vetitn338‚7
4447466448,9
4446 544 4
ΥΕωΙΙ 60491. ,5331
44467444 445, 4,
. 4446645688

44 ama 659 8
4466649494
44744464 649, 9
4474444764, 5 .
4464474644,7

vesti 764, 4

744675

 

