¹1Nnssx'

111111 argenti 811, 9 1111711191,6 feriam 7, 9. 198, 9
1111111914, 9 fatigat 611, 9 111111 711, 9
’ 1111111 917, 7. 619,9 1111911111199,1 1111191111989, 11

11111111 1111111811, 8 11691111 181. 6 · 111111 618, 11

famosum 717, 11 fatigent 11, 6 feriatus 988, 1

1111111111 191, 7. ς49,1 11111 9, 9 feriemus 119,9

1111111111 149, 4. 916,9 1111 9,7 1111111917

famulus 899, 11 11111111 994,1 11111111 189, 7

11111111. 1111 11111111 v fmus· 1· 16118· 1111,

11111111111111919,7 1111111 18,4 1

1111111946,11.611,1 111111 11,9 11111111141,9

1111117799 c 111116111977,7 ’ ' 81111111 99181

111 978,9 1111119811. 878, 4 11111491. 161, 11. 749, 9

11119389, 7479 1111111991 1111116, 2. 64, 1. 119,1.

11111991,4. 711, 9, 1111111111 179,6 191, 9. 168, 9. 1949,

4 111111969, 9 8111111916, 4 411, 4. 881, 9

111111699, 9 Fauni 894, 4 ’ ferramenta 791, 9

11177,1, 996, 1 1111111818, 4 1111111417, 11

111 1111119111 491,7 fannon, 6 11111111 991, 1

111111 191,8, 191, 4. 978, 4. 8111111171, 4. 119,1 11111 197, 6. 949, 1. 981,11,
914,1 Favonium 987, 9. ,11.486,19.

111111 91, 6. 797, 9, 798,11 favonii 181,4 . 914,92ζ141,9,19.196,4.

 

1111111977, 11 11111997, 6 718, 9. 868, 11
{asciculum 789, 7 11111111818, 7 11111111 11, 1. 199, 9. 9196.
fascinum, 891118 1111111914, 1 946 9. 691, 11. 899,11

· 6111ἱ

111111111661, 9 11111111 978, 8 fertile 979,
1111111;1611,9. 681, ς. 711, 11181111 984, 4 fertili 179,1
11. 779,11. 891,1 11181898, 11 1111Ιί111111, 4
fastidienti 491, 14 1111111 91, 9. 814,8, 899, 9 11111111 911, 6. 498, 11
1111111111 494, 4 fautori 111 794, 7 fervens 57. 4
fastidiosam 994,1 11111641, 7. 191, ς 1111111678, 9
1181111111 949, 9 febrem 797, 11 1111111111619, 1
6111111111. 7111 1111117411. 1611 fervet 1661. vm
1111111111 814, 9 febrimque 667,1 ’ 1111111491, 9. 717, 9
fastidi· 918, 9. 786, 4 febrium 19, 1 fervidi 419, 9
11111111 141, 9. 819,8 11111111 44, 9. 498, 4. 491, 1111111111468, 9
1161611441,6 4. 817, 11 fervidis 9, 1. 996,1ο
fastis 414,1 11111111974,19. 991,11. 1111111999
1111119144. 919, 9. 941, 8· 716, 9 11111111111, 9
. 891,11 11111199, 11486, 1. 917, 1111114181,
11111 861, 8 1 ’ 1111111111,4919,9.181,1
1111111977,9 ⁹ 11111111478,7 1111111 41,4
1111699. 96,9 19911. 1111111111441,1 summ 4⁴,6
1999. 191, 9, 7. 197,1. feliciter 846, 1 111111 71, 4. 619,9
971, 1. 414, 11. 497, 9. 1111119464. 971.11.414,8. 8111111111849,1
6Μ8“ mm& Q&
' 1 1 1
111111 818, 9 1111111197, 1 11111164, ς. 9191
1111111191, 11 111169,1. 916,11. 494, 6. 11111891,8
1111111941,7 481,1 ” 1111·11496,8.911,9
11111111611, 1 11111194, 1. 1141. 989, 1. fetrum 178,1. 981,1
111181111611,1 448, 11. 988, 9 1111111799, 1. 998, 9
11111111819, 9 111111 9898. 498, 1 1111119911. 461, 1
111111 668, 9, 671, 1· 716, 1111111 118,4 11181111 848, 7
11 1111111111 941, 9 festinanti 914,11
111111898, 1.911,7 1111144911. . ν11111111111791,8
11111111866,8 1111111711,17 1111111111,4 799,7
1111111196, 1 Ferenti 199 7 11111111 416, 9, 791, 7. 741,
1111 m. 9 1111111118191 8 16. 811, 4. 861, 19. 886,
611111141614 1111, 11119641 . 1 Δ, m

 

