¹· 111’·11-11··’·

81811111141, 4. 4151 · 716, 8. 811, 5. 864, 81 1111114118 ‘ ’ ”
1111516487 Ι 877,4.881,11.898,8 1111114885
Libyam 156, 1 1114111185,1.199,5.586,4 ’11111111 167, 11
1117111415. 775,4 11151111 7447 ’ · 1111111551,7.151,5 .
1111116611, 5. 9¹42· ’ 1111111159] loca 89, 5. 815, 7. 85411,
1111111111.4·1781·611» 11106714 8 .4
5. 69811749, 6. 877, 1719111111, 1 loca at 587, 5
, 111151131111111, 'vel 9111111711 111111511ὧῖ81ἐὲ 5 mimz? 19 ·
⁶²9· 7 ’ ,11191111511 11 ’ 11111451, 4. 911, 1
Momm, 15 “ Ιίηςυῐω11ςθο,3 loeo 411, fi. 468, 149741,
licentia 80, 1. 845, 4. 876, 1111111115 ,5 1. 858, 5. 871, 4 ’
1989119 1111111511 7 ¹⁰0⁰ 1111811. 4
1111111111 411, 1 111181 60, 8· 409, 1. 485, 1 1111111144, 1. 745, 5
1111111111556,5 ’ 11111111 558,8 ,1111111 53²·4
“ ' licet. verb. 191, 1ο- 546,4. 1111118145 111111157671, 651, 7. 749,
35⁶,12.'408‚ 8. 411. 4. 1111111851, 11 6. 847,1
597, 9. 511, ιο. 578,1. 1191711511, 5 1111115884. 771,1ο. 787,
. 1111531111157579Ϋ15148ῗ5ἶξ1 5, 1117111ἑ615ς,’ 16. 581,1 11111918111111ξζ 86106417, 8. 684,
1111188108 ⁵· ⁹¹³³ 11818817... ⁷. 1,.. 1811388· {2⁵¹⁸ ·
1191111, 7114111898, 5 1117111171, 5. 841, 9
‚ · 11911147, 4 111191111111716, u
1.. 1111116 -, 1111113111 W, ‚.
&fflm3 &wmu mzmw Μ
1111118776 11111111915 617, 6. 751, 4. 5, 7.
ligatur 558, 1 liquidi 511, 11. 789, 5 79115. 811, ιο. 8749
1151158, 5. 561,1. 615, 4. 11911111191. 7151 1111111851, 1
1151151514, 8. 867, 11 1111111Τ711Ξ118134ῗ7, 111111649ξί1 575,1.765,19
ligno 918, 1 1191111111154, 8 loliginis 551,·14
lignorum 791, 1 1151111151, 7 , lolium-701, 1
lignum 159, 6. 916, 1. 585, 1191111185 Ι 111114148.755,1.819,1 ,
5. 719, ’15 1111111514, 8 8111111816, 1ο
1151111111 181, 1.· 446, 8. 11111119, 1 11151111,4.178,1.ι94.1.
181 hfflw “ ’ῦωωψηψμ
1151111111 557, 8 , life 175, 5. 648, 9. 857,6 51519. 518, 15. 555, 5.
Ligurine 365, ς luem 5951. 6489 71,11.716,6,7;894,11
1151111111414,5 11111 565, 7,· 587, 4. 756, 6. 1115115694. 711, 11 ¹
ligurit68o.6 Ι798,5 ’ lammam& 1. 469, 85
lilium 157, 7 1111681 571, 8. 911, 9 Longum 514, 4 ’
1111118989 1111511111665,9 ’ 1111711977. 585,11
1111111789, 9 1111111517, 1 longe 598, 7. 547, 11. 558
11111116194 . A 1111111111856,7 5567,4.571,5.577,6,
11111197,4.159. 1. 815, 1. finon 117, 5. 156, 7, 484, 595, 1. 689, 6. 716,4
811,·15 6. 486, 11 11151118, 1
11111145154. 469, 5 littore ιο. 4. 115, 5. 585, 1115119111761,6
υωῳμ ιμωωῳ, 1ψώ1ῳη ’
liminis 194, 1 · littoribus 514, 8 111110 11, 8. 44⁶2 11. 458, t.
1111118875 1111111161, n ' 516, 4. 691,1. 7748.
limites 117, 9 111111 117, ι. 188, 4. 5151, 818, 1. 914, 1
limitibus 867, 11 499, 9 · longorum 909, 1
11111 69. 4. 511, 1 litui 151, 5 111511548,11.668,6.775,8

’ limum 677, 11 111115, 1ο 1114111171, ia 158, 1. 549,

nm· ⁶⁸0, 7 1111118. n 111811411111
line2802‚3 · . 1111111846,1 , 1115819158 ’
1111111911, 8 1111855, 5. 856, 4 1111511155, 8. mm
1111511565, 8. 597,661,5. 11111156,1 1115111918885 Μ
. Μ

 

