16665161·

6116611661346,1 . 61111161 388 11 ’” ¹ 16117113433634, 7. 8731, 2
1111116841 6111111696, 13 161117,311,14,8.
11191111 3471. 366, 1, 63·,ι 61111661398,1ο ’.611,6 836, 3. ‘sm-
7 39114 1161188 64116 65116 ’7551 83111690117
uts aepe323, 11 3 .1ν6111767, 6
utfi719‚'6 6111117111 663 6 761111616764, 10. 765, 5
61111889 4 611161 864 3 6611111633. 3ο7,6. 311,6
6161116331 utrmque 283 3 1111111141,6.169,4.191,3.
61161961766. 133, 4 11,6 11116833.6 296, 7 4ο3,7. 7ο7,3.
7.166,8.1’9, 6, 491, 8 6116461383, 3. .67ο,13. 814, 8113, 3. 833, 3, 869. 3
1111136, 3, 648, 8 634,1. 8 1611.11111166,3 171,6. 3816
684, 11. 767, 11. 793, 9, 11164616681161616,1 3. 6899. 6966. 7731
6118336 6111116, 11116636,1. 793,1 833 884. 9. 8 33131,
6161616347 611669111119146
61,.1117ο33 7317. 3 781, 6 6116111,11111181913 86116111666111386
6111117894866, 14 61161661417,3.661, 1. 699, 16116611,1.1 8ο,.6 13ο,7.
61116 ³²⁸7 3 10 ¹ 230, 1. 363 6. 639,’ 3
6111111 1171136,.7 ..3311 7 339,3.u 6“1,.,.1111117111161311114“63, 1611617111. 136,.3 4444·
161,6.381,11.611,ς. 3 486,.4 336,.8 361, 431..1 489, 4. 758¹
6141676614. 7879. 8 6187. 71111, 3.’ 711, 834,.1 881,1
796. 3. 866. 11. 861, 9. ..,.7368 733,.4 896,111111793,4
8867 4 61161468 ,4.. .18..73 1171
611161611611 · 11117,88 1ο , 31,73.,33113. 4147.
6194116111. 63 16368611117111111116338 311,14. 64914. (16.6 4.
363, 39 494. 9. 431, 1. 6111167111 . 739.14
9348471916 61.1111“3,1.431,1ο 679, 61611636,7
738, 16 7.718..68 (17.3 6191161349,“1. 636, 7. 638,
611.1·.46 138,1.41,3 11.61111114.6’11755 5 6698
61111116 81191 ⁸· 6ῐά116114· 18611 , uorem-3 111 6511.
764 11. 77414 81191. 6111619391 5
814.3,4.871,8.816,3 6161737 61611666313,6 “
611,1117161ἱ1..’47, 3. 364. 6. 86111163681 “ 1116116110, 18
17716. 3891166391. 86111661193. 1643
(66 11 8181 11 114111148,1 ’
11111161, 193.. ,1661316161ὧό
1111’·”3;,3 ’,4.6176. 11111 1111148 3

84;⁸ 91166, 1. 932 1613111491, 3’ ’ “ Χ
6111,11ι134 1 “ 111141ἱ,141396 8
1111Ιί 1.·43, 3 . 1614111611, 10 Anthiu⁶3‚1

“3¹8⁸ 7872 32 ‘5¹¹⁸- 841, ⁶· ’8181650116 577‚12· ⁸²5» 71161663691
89¹· 2' . 3· 84924 ’

.6111· 111 3791 66144161 347,1.371,7.

⁴ utiliter 801, 6 619, 6. ’783, 1ο

61111616 616, 11. 887, 11. 6114616644, 1 Z
891.1 - 1614116133. 6. 163, 3 119,
6116116133.1.171,4. 349, 1. 1381. 666,1. 633,
7. .,1.8 11. 611,3.,6333 161,11111614 11 Ερ117111141,10.391,3.
6111111369 4 337, 3 1616116103,61·61 ,3
6111611, 9 ’ 1611161468, 14. 8⁶99 21116811, 11
11114793, ιο 11111161911111111111111161911, 1611134981
utramque 220, 4, 863, 8 6 ,,1661111 1111711616161638, 13
unaque 613. 3 111111611761, 7 1611111171

 

