86611616161101111611.

16111, m. 876, 1 1616111789, 9 161161 491, 6. 516, 5
11111, verb. 197, 1. 515, 4. venenati· 88,7 1611151,1. 5765
514,11. 546, 8. 596, 9. 1616111458, 1 16111 mundi 859, 8
ἰι75455 17555 36.,8111ὲ 5141, 8 16416111651496, 6. 588, 1115154155, 75961126. zm:
· · ⁶ 1 · 1 ⁰ 1
68ξ,6’. 688,’1. 798, 4. 1616166567. 856,6 464, 4. 468, 15. 481, 7. “
865, 4. 8 56, 1. 875, 6 venenorum 445, 11 454, 5
16116 566, 4. 597, 11 16161161751,1 · 1611698, 5. 196,1ο. 314,
1611616 554,7. 616, 8641, 16666616141,1. 581, 8. 617, 1
6· 777,4 16 ventorum 16, 1¹
1611111511, 11. 471, 1, 775, venerabilior 685, 11 16116159. 5. 56, 6. 65,1.·
η 166611161815, 1 71,6
1611116 597, 8 1666111161416,4. 865, 9 ventosa 811, 14
161161 545, 7. 596, 1. 767, 1616116555 1611668475
8 11161111656, 1 ventosum 161, 6 1,
16161511, 16. 697, 7, 967, 1616111111 5611. 8557. 1616167665
n 8611116969, 16 166116 581, 4. 766, 11
vellicet 611, 1 161616 558, 1. 554, 1. 664, 1. 16111661 455, 7. 715,6
16116 851, 16 659,4 1611161794, 16 ,
1611611541, 6 ν6161611115,4.167,4. 561, 161111 557, 4. 786, 5. 794,
1616161 416,6 5. 518, 9. 546, 5. 859, 6
161661556,5. 687,7 14 1611111711, 16
16166111495, 5 8616161161, 191,4 ventum 91, 6. 594, 7
1616171, 5. 546,1, 411,8, 8111611164, 1. 517, 4. 541, ventum 611 558,11. 696, 1.
611, 6. 8146 5. 588, 8. 464, 1. 466, 9. 765, 15
1116111166111161617616781, 414, 5. 561, 1. 689, 15. 1611111815,11
901, 1 1611611111 851, 1
1615611551,1. 558, 1, 616, 5. 1616111744, 1 16116111 559, 4, 745,5 Ι
648,4. 761,1ο. 811, 6, 1616161 6968 16166611679,6
852‚10. 9¹307 veni 548, 5. 411, 8. 575. 1. venun 16, 5. 58, 16. 76, 5.
16111161 795, 5 , 86, 7. 164,1. 115,1. 116,
1618 611116 969, 5 161111 555, 5. 895, 11 5. 179. 5, 181, 5. 196, 8.
16116611758,5 111116161965, 14 198, 11. 569, .517, 9.
1161611. ¹4 1181846. s· 811. ¹5 ³50» 7· ³⁶², 1· 1111·
Venafranae 679,4 16111111, nom. 557,1· 749· 6. 811, 1. 876,4
8611611161 175,6 766, 5. 857, 5. 874, 1 16161, id 98, pulcritudo 414,
8611611718, 5 1611111661 671, 5 4
Venafro 171, 6 1611111 596, a. 6594 86166116 111, 1
1611116115. 5. 515, 8 161111 11, 1. 687,1 86116661 616, 7
1 1611116111 564,1 1611117651 1671617969
1661161 516, 4. 857,1 1161611169, 5. 766, 6 161 171, 7. 591, 5
161111 558, 5. 81611 1611611611611888,8 1611 176, 6. 664, 5, 869, 8,
161111 511, 5. 795,7 161161765, 11 811,ss
1611111661 741,4 16116181,1. 4641. 555, 1616614988
1611116161. 146, 16. 517,5 11 1661 716, 5. 866,4
161611 667, 8. 777, 11 venimus 851,6 1611196611
1616611111 765, 6. 8 55, 9 161116 518, 11. 766, 7 16111 551, 5
vendere 861, 5. 8561 1111111857, 11. 895. 5 16111 5658. 567, 5. 598, 9,·
16166161666, 1 16111, ...11. 156. 7. 6,·5,4 477, 4. 539, 6, 603, 10,
1116181111867, 6 16111, 6118. 597, 7 ¹ 615, 5, 11. 664, 7. 715, 8,
161611711,4. 856,1ο 1111615841 717, 6. 741, 7. 754,11.
1616116165 *1868117659 864, 6. 816, 1. 866, 5.
venefitae 45027 11161111· 6181· 1111 81611· 681. 1. 1065
1616611491, 6 1611871616. 598, 7. 655, 5 1611116116 557, 10
1611611161 758, 1 68911. 968, 4 1661111659, 5
1611611 199. 5. 449, 4. 451, veniunt 48 5. 5 1661 1161161116 865, 15
, 7. 5945 . 11161811, 14 1616111814

16181111

 

