INDEX

3110161913 11111111110111, 3οο,3 Hetruscis 369,5 .
3061168311 111110 9914 11111011111356, 5. 4999 ’
1111111437, 6 1111111340, 9 1110101515, 11. 687,8
gutturi 494, 3 1111101741, 3. 79ο,1 hiatu 884, 4
3011114795 11111111389,5 ” 1111111110.17111111, ἅτ.
6311110, 10. 16ς,1 1116101164, 4. 401, 5 hiet 613, 3
07311181, 1 111ἑῖ113893 hilarem 81⁶‚6
Gyges 168, 10 1111101111 151, 9 1111111869, 7
3710 695, 1 1116111488, 7 1111111678, 3
hedera 99, 1. 477, ς hinnitum 118, 1
H 111016,4.405, 6. 7449 hinnuleo 91,1
· hederis 138, 4 16197117111183, 3
Helene 15,1. 490,13 Hippolytum 393, 10
81111791, 7 Helenam 61, 5. 34143 hircinis 546, 8
1111111857,5 1111111400,8 1111111510,1. 1,6.891,3
1111613113 111111001851,5 1111111470,3. 3,8
11111111111413, 10 111111011899, 1 Hirpine 191, 1
11111941487, 3 Heliconii 50, 1 hirsutis 470, 5
· 1111111111 587 6 11111010101336,8 1111001744,6
111111101716, 4 Hellade 665, 1 1111010914, 11
1111111707, 13. 706, 9 1111111011 646,<7 11101611711111761, 3
habitum 681, 9. 881, 8 helleboro 865, 11 Hirpini 304, 3
1111101650, 13 111111 436,1. 430, 3. 674, 1. 1117110179, 1
1111110511 773,4. 789, 6. 8669, 10 11ῌ11114045
11111111111Ε110111 1111111 763,8 hispidos 184,1
1ι111189ο, 4 1111111443,11. 568, 6. 59115 11111οή18233, 7. 538, 4
1171133868, ⁸ 1111111331, 4. 371, 5. 438, 4. historiis 193, 6
1111111387, 5. 646, 9. 647,6 679, 1. 774, 7. 780, 7 1101 genes, pm. 110311 3111111
badim, 2 1161116110 317, 7 697, 6
1111111393, 3.646,9.647,6 11011116934709, 37991 hoe, proideo 510, 3. 531, 6
hoeoent22⁶56‚7 “ 111111111195,1 1011918491
herentem 74,6. 113, 5. 606, 5 1111111111 381, 11 hodiernae 393, 1
1111111115 7, 4 1111101111 0,8 39814911 11011141, 1. 347,1
1111133114 . 1111111111110119,8 1061111715
11111,11111161,5.109, 1. 1101061304, 1. 385, 10. 10103013. 6338
113, 3. 636, 9. 649, 17. 439, 7. 314, 5 hoduinus, 7
631,6.11687,1.690,3. 11111663,8 10111317, 3. 436, 5
691, 3. 868,1. 8699 heri, nm. 731, 8 ’ 1101110606, 8
101110111705, 11 herile 350, 3 1101111181199123186 133,
heret 533, 8, 663, 4. 833, 4 1111111856, 1. 878, 9. 904, 1. 908, 4
1116193 1111111308, 3 homicidam 4887
1111711τί11 313, 5 Hermogene· 541,1. 393, 8. 1101111101395,1. 596, 1. 951,
2 hamo684‚8 601,3 , 11. 661, 3. 799,11
hamum 763, 15. 799, 14 Hermogeni· 330, 11. 611,1 homine· 541, 8. 694, 1. 699.
1111151811. 338, 6. 347,1 11110149, 1 11. 801, 34 739, 1. 905, 3.
1111111611 v. Annibal 1111011633, 4 907, 3
harpyiis 616, 8 Herodis 868, 10 homini 19, 7. 199, 8. 531,1.

linum 108, 4 61101655, 6. 881, 1989610 631. 1. 106, 5

1111436, 6 1111111118,7.636, 796,1 1011111671,8.681,9. 7449
lunum 1111117191. 788‚1 1011111141,1.50,10.ς11, 4
11611646 111171111136,1, 4333635193939. 4
11114111 51115111· Hespe1»2153·4·222›1·275‚ 70⁶. ·73⁷· ⁶· 1111· l
33:1³: 185 ἱ· ⁵⁷⁷¹ ¹³· ..1151ἱῖ . ,.ξ.’.”’,.1,81,1,.,.,.
11161117131111617, 6 Hesperio 411, 7 573, 1. 381, 5. 711, 11.
11101 mali 763, 6 hesterna 701, 18 934, 5
haud 0190101 709, 8 11811111 631, 1 honesta 643, 14. 770, 4
, 1111115119. 315, 3.681,1 1111111611 480, 1. 4646 1101161115, 5. 897, 1
haunit 511, 3 1111111111 608, 7 “ 1011611843, 8
4113604 743, 6 11111160 10, 4 honesti 704, 6. 831, ἔω

 

