Vocpnupoauu'0n51um.

fflmmmpmmpmmmmm·
318,1. 346. 7. 6363 ·916,8
animi, 9111875. ς 11111169161383, 11
1111114131. 73194. 771, 1111111717, 11 ,
6111 61161111611
1111111117, 3164, 11. 393, 697,4 716, 7. 8319
4. 33371. 337,3.741,4. 11111111, 9. 1611111111
787, 1 1661161161 711, 6
1111111 116, 3. 317, 1. 314, 1111116311
16. 388, 6. 811, 1. 888, 11116111116993
..111811 19111, 11111111·81ΙΙ
1111111191 191, 8. 139,11 111116111111 149,1
1111111171,1.81,1.131,4. mesenum
191, 6. 193, 7. 333, 3. 1111611111819,3 ·
368, 6. 381, ιο. 331, 1. 11111111 1334
534, 8. 631, 1. 647,4. 1111117419

mewmffiwmm
741,1. 863,11 · 111111161, ς

111111111191111817, 11 6111111736, 4
1111111167, 3. 117, 3. 378, 1111911111 3131. 349,9
11. 3934. 411,9. 314, 1111611398,9
6, 711, 9. 716, 8. 741,1. 6111171111 646, 8. 631, 11
881, 14 Α11117111899,6
11631811ἰ111;.1....... 888111 ἓξὲξ
787, 11 11119111111883, 6
1111111911131116781,3 111141111111433,1
. 111111611111911111111,1’61“6. 1111911 templa 634,4
6111911119131,ι ’ 1111411· 7139
1111111111 686, 3 1169116836, 1
11111111 714,3 1111911631, 13
wfflmmswfflwfflm
1111111761. 113, 1. 631, 111141161111831,1
9..839,13. 888,8 1111311633, 3. 714, 3
61111111 381, 9. 481,1 An 111 131,1
Annibalem 111111 194, 1. 1111111368, 11. 361,1
1796 - Antonius Musa 791, 3
1111161111 396,1 111111 341, 3 <
11111316, 3. ’377,8. 761, 1111113, 3. 134,1. 161, 7
11. 831, 11. 887, 3 1111111 6184
1111 111, 1. 186, 3. 317, 3. 1111113111. 1111. 97, 9. 411,
31,1. 637, 3. 81611. 8. 491, 3. 394,1. 691,

ἒ148 1
111411 micorum vilis 16 1111ί11111645816· 49318·
1161618118 ’111661 627. 5
1111111111 3611 61188ῖὲ59. 3

11111 168, 3. 186, 3. 319, Anyti 7ι,1

1. 417, 4. 41411. 498, Ι1911113687

4. 649, 13. 831, 11. 843, 69111111 8331

6. 861, 11 Α911111111483,3
111111111111313, 3 aper 6, 3. 446, 6. 617,,1.
annosa 1111111111 831,3 643, 3. 676, 3. 7141
111161911111664,7 1911111497,7
1111111611 34,6 19113313
1111191111 616, 1 191111 8 3 3, 8
1111111111 771, 1 19111111 6437
11111611 388,9 apert} 5²5· 7
mum 111, 1. 413, 3. 319, 1911118918

’pem' 74817

19111111 11, 4. 336 3
1911011 rae 311,

:picem ¹²9·4
191111 317, 8
1911 179,1

- 1911369, 1

apium 137, 6. 413 3

’ Apollinari 367, ι

Apolline 19,1. 831, 3
Apollinem 118,1
apollinium 4111 ,
19111111,3. 31, 9. 43, 6.
191, 7. 164. 8. 499, 3.
3991. 688,1. 744,1.

001 7· 909, ³
19116111 683, 4

1991111111 143, 8
199111 19119
111611

apparent 834, 4
19911111316,11. 831. u

1991111, penult. longi 31 r, 11. ι

ΜΜΜΗ
1991111. penult. brem 43 3,1

19916111 333, 1. 383,13,

ψὝΜ
appellet 38,1
appello 644,1
mmmmwm
wwm
6991111 441, 8
19911318738 ·
1991113711
applicet 193,4. 311, 11
1931111111 468, 7
199111111719, 7
19911398
1991111168,3
apponit 317,’7 s
19916111 7131
apposuisse 69, 6
19911116 413, 9
Α99111616,1ο
61616111
Appulia 113, 7
6991111388

= 6991111168, 4. 311, ΙΙ.

616,6 ’
1911113165
191111111191 887, 11
19111388, 1. 789, 1
apricos 111,1,
amwmmp
Aprilem 416, 16
19614816
¹Pr0³4332 ¹0· 19819
aprum 311, 6. 631,13. 639,
80 ⁷58, ⁶·‚813280 87578 ”
, 1911

 

