801116161611 0111111111

tanqu - 11111111. 111, 1. 1184 6611111618147·
ferit 417, 7. , 478, 11 748, 6611111618 880, 7 1’6116111611 5· 10911· 611181
ι. 1111114747. 161. 2· 111. 117461. ς· 1111611·

sevitihnns ¹ 61111164 ¹³ ²¹. 5· ⁶²⁹2 ¹¹· ⁶34·
6ε16 116, 4. 191, 1. 777, 7. 6116811861 787,6 ιι. 676, 6. 709, 4. 716,

801, ι. 8141 61116 114, 7 1. 774, 4
scant 197, 1. 71171 611111116111767, 7 sapiente 647, 1. 746, ς
62101641. 141, 7. 676, 611111176816161776, 7 ‘ sapientem 11111161 6444 Ι

7. 794, 4. 847, 7. 877, 11116 797,·16 sapienter 196, 9. 407, 11.

11 , 611611611777, ις 77417 -
61411648 61161111,1111.761,7 sapientia 619, 7. 718, ι.
6171611644 78417 6116161879, ιο . 37, 3. 744, 11. 907,
61711161476, 4 6111161 711, 14. 798,4 8 ⁸
sagana 4⁴⁶· 3· 788,11. 796, salma 776, 7 snpientia prima 1686111118 ee·

7 8111116476, ι 161661 nna
sagane59r,4 816111681411 sapientie 111. 1. 1744
6171187149 8111161776,1.778,ς 6191111161 649, 8. 667, 84
sagax 891, 1 6161 797, 9 866, 17
1141111716. 147, 8, 467, 4 6111116161 776, ιι sapientium 717, 1
6141111744, 7 sancta ιι, 7 6171161161 649. 11
6111611114,4.187,1,1ω, 6166111661 6147 sapientum 6644

ι. 7148171416 61168614641 ’ 6171119649 r
sagittis 88, 7. 1746 6111616 7844 sapit 876, 7
66116161. a 611616610618686· 611. 6111661161
6111611111. ι.811,1 · 7 , fenerem 1417· ς. 677, 8
Salamina 71, 1, 741 616167414764, a. 791, 7. 6176666774 -
8111116111εὸ7, ς 8747. 891, 4. 9147 . 3177110101, 1. 8149
sale 66141. 6841. 711, 7, 61676161741. 177,7. 177, 6116117846.

8647 1. 1947116141. 179,4. 6611111646
166611191611,617,7 761, 7. 19, 4447, 9, 811116111118,4
11111117, 11 sn& ⁶ 1. 13 ⁸⁸¹⁶¹³ 116. ⁸

sanguinaria 1644 · , 8111119075

6164616116 7646 , 8111617747

, 1114661471, a. 4tr.a Sarmenti 161. 68

8111111 878,1 sanguia 96, ι. 177, 6. 776, 866111161764,1
8111111161 179,1 7. 761, 1. 747, 4. 898, 6116174516
611111788, 17 · Ιο sumn
6111116167, 8 6161647, 6. 661, 1 61111111 1189. 7161
saliente 771, 4 616111196, 7 6111111111716, t
61811916, 17 sanior 666, 7. 664, 8 6111111 ta, 8
6184119778, ιο 6161111841 6111116141 . ,
61116661 117, 9 61116776, 7. 864, 9 61161 717, 7. 7641
6111177771 sanor 777, ιο. 678, 7. 899, Satureiano 777, 7
61111,6111.118,1 . 1 81616111111678,4.
salium 177,1. 76411 sanum 777, 7. 760, ι, 797, Saturni 197, 7 ,
6111061696, 3³ 10. 811, ro 811616161661111618448
8186611741. 61661774, 17. 761, 8. 777, 811616655141144
8111661117147 11. 676, 4 674· 4, 6. 6117146111611111.
11114947 ⁶⁶5, n. 111, ι. 119, 9, 117141. 17481181.
611614848. 6741 bia. 717, 1, 774, 6. 739, 8976
61166 7847 - 7 6117161616140,9. 8948
611661 797, 16 6161116111 876, ι 6117161 891, 4, 9
saltaret 764, 8 1 sapere 779, 6, 747, 7, 79 ’8117166864 11
6111116178 8. 811, 7. 867, 3. 881, 6111111166, 4. 1944
ΝΜ 7615 . ¹·900.3 . 611171,8.716,1.7<6, 1.
saltet 941 saperet 891, 16 481, 11. 491, 1. 7186·

2

 

