vocumonuu 01111111. ,

1181114 11· 111. 1 1111111111· 111. 1· 141. 1617131114· 14141111
1711117717 6. 698, 7. 741, ς. 611,1,7.614,4. 711, 1691117147
„mag 1716161711, u ’ οή666661ῒ666.191ψ.717.4
4119111741, 11 · 1116017469811, 11 01111117,4. 167, 7. 746,
1719161117, 1. 741,1. 818, οη 75. 5· 441. 7. 447, 7. 9· 46911. m?
69141 . 477,7. 79,1.618,11. 01111111197

midias ’ 1411· 4141111 16111111111111181·
1191141161, 7. 741, 4 111, 1111778, 7144 ‚¹⁸ 741, 1
19916111677,1, 1 1116111697,1 · 1111,1611764,6
17116111767,1 1118116678. 69674 ’ ο11111761,’7.199,1
1191114471. 1111111111717, 1 111111111817,7 '
0107144011 wom- 188. 11111 0611111 6111

1471111116 7, 4 11111817, 11 · omn. 1111711
17911179,11 1111 141, 4. 174, 7. 416, 1111616777

6971611147, 7. 741, 8. 691, 1 1111111111914, 1
1111 118, 1 1111111 179, 1

11 .
1111146161 , 1 1111111677, 11. 766, 1 1111114891
179116εὰ 1, 5 0111771,6 ornatum 373,3
6191611671,6 0161ω76,1.781,1.887, 1111111878,7
opprimeret 717, 14 7 1111111798, 4
11711661 777, 16. 771,1. 018111111118748 11111811, 7. 817, 1

⁷⁹3³* Μ 1 (6666671111 06ὠῦῗί ⁵⁸ ¹⁸⁵⁵
οι67161. ,Ιῖ ” ι ”⁹ h 0661661106 im 111. 1.· 1616 1469ῗὲς
97116171 776, 11 71, 17. 498, 7 11174, 1. 487, 1. 767. 7.
1111141111 1161· 111. 1· 6616ῗὲ09 ι 0773 1· 6114 641· 4
0118 161,’9. 118, 7,9 0171111196, 8
, 0111 118, 7. 197,’7.766, 8. 0911119174 ·

69111741,11.716,1.718, 687,1 11111797
ᾦξεή 9 10· ας, 81 82:⁸2²? 7. ΜΛ πξξὲᾴίιιξέἒῖὺιρὼ ‘a'
⁸⁷³⁶· 166181 ’ &augum .’
1761111919, 8 1161111111 149, ’1
1711881778, 1 11661118 407,4
anagn? 016¹ng 4979.. 646, 6. 777,
17611716, 1. 671, 8. 871, ordinem 411, 6

7 , ' 1101141414 111147 ,1
”ἓῗ“’.”“”· '⁸³' ¹· ‘¹⁴' ἴὲῗέῗῗῖΜ Ζῖῗέἷ. 581 11 1
.⁷⁹⁸¹ . 714 661 51 ⁸1¹³
Ψιῖιιωςῗζςη. 741, 7. ἴ166ω8176ῗ576 ’ 06617677

777, 7, 779, 4. 774, 17. ο11174,7.171,7.196, 6. 161111ω746,1 Ι «
⁶.¹¹’⁴ , 741, ,7. 766, 8. 447, 1. 16111178,11.776,7. 197,
1111118611 446. 1· 441. r· 111. 1. 4
11118516 ’ 700, ¹¹· 111. ¹· 114. &equum
opulentam . 11 , ’ 0611118186 .
xm} ..7 ...111
0711611174 ⁸ 01:2⁸⁸ 671, 9, 17. 84, εἰξῶτοέῃιὲηη ¹,
fflff'qf'sylgzzossgg’z: 11418999 161161186611. 9114
6611. 716, 7. 744, 11. 11761111891, 11 1611111 777, 7. 691, 7
776. 9. 788, 16. 817, 6. 0111111111, 1 1611111717, 7. 611, 1. 814,

8747.861,7.877,17 11111111671,1 42⁸⁴. om&

 

