86611616163 066166.

ι’,6066136636 45 731.ι 63 868, 81181818696816 8η
86
14, 788,4,1817, 6116111488,3
66361111 4331 Ι 1861661633
1113636337, 7 1811111643 ι
1166166363,1..,3136 3146.11616661378,1ο
336,11,346,11,37ο.1.1161661836,1
378, 4. 333, 16. 6637. 6161611166 6,1773 8
wmssm
666166 314,6. 7648
nemer? 346,1 1611411661 416,3
:3:3522528. 8878 83118673544 6 613, 64 677 7.
1. 61
66181764833336 636, 61631168 69,
3.713,11.711,1.777,7. 6161116471
738.,8 86,,111 164, 6618111163,1
16 66661617741487313
6661616, 3. 76,ι, 141, 5 nescii28, 5
313, ..1. 341, e. 764, 4, 661116 336 1,3 33716646
41411111.1.861.1 8
186661 66113οο,3 . 6681163618 373,4. 337.
”mvn ¹ . ⁸²
111711, pro nequam 413, 6, nescioquod 838, 16
348,16 6666161111 766161 388, 3
6176116633, e. 488, 3. 613, 6666111693, 3 8.7.3 11. .316,

1167616111, 6, 136,3. 638, 6613111336 13 316,37 871,

Neronis 768, 6. 77ο,4.
2 7854

1167611387, 3 618, 1. 8637 66611363, 1. 318 8 67781
88881... ,1, ..11811477

8817166133 1, 6 6116161643661. 4
186716616461, 1 16681436, 33 ·
neptuno 111 5 436.1 1818617366
Neptunum 352, 6 777, 6 1818611634
Ν6716667436,7. 87,7 16 666 14,1.163,6.17,6 6
6636161711 6 7 12 ,3,66113. 483,
6131136111677, 6 863, 6 1. ,3,16, 431³. 661,1, 684,
neque 7,1 13, 16. 66, 3. 7 68 7 883 7
evmwsszwm7m ως
368, 11, 16, 13. 348, 3, 8,83 7
4.336,11. 3334 361, 6666116636, 3
36·111.11.8·1111 ¹¹5·¹³¹4³²
ni 78,8 8. 417, 4. teo,
mwm7 ηύὸψ1ω.
1667666614, 3. 873 16 16. 631, n. 733, 3. 833,
nequeunt 337, 4611, 4 711,11
16 nido 376, 2. 618, 6. 866,
nequicquam 18, 4. 64,,6 3,

Μ1Μ1
nequiere 683, 11

6116616617. 3. .,766 16

ὟΜ6ΝΜ611Μ
mwww97u 1

663616111681, 1

6436113143 331,11 61311,17661116133111

6636111166 6, 16 111316 333 7. 3883

66361116 666 1 367,.6 734, 6141163818. 55414
7 mcum 3· 4¹0›⁵

nwms

61311163.786,6.114,1,
670· ¹· 85115 571.
76676 6731. 873,
61786364 114,.7 181, 5.
16· ⁴⁸0¹·
6141666141194 ⁵
11ἰ,3161766 4
1811188818... ,

22613· 11816111 ¹¹·

mNJ1m ms·
4161477

16Ιῖ188ιὲ7811 631, 4, 746,

nihi! 1816666176116111111

617, 7
6116166171 743, 5

66116668818
n1h105‚65 3. 647, 8, 16
111667161316,3. ⁶⁶42!
618861116666181613
ὟὟΜ.161Μ
611133 36,8. 3613 61,
3. 161. 4. 163, 7,3. 3711,
8,341,,.67468,3.14,
6ΜΜ1Μ68.
313. 6. 363, 1. 366, 3.

7ἐ711··58112 3881468
3, 6

1111176711, 8

6116116738, 3

..imm 66661661 modumque
81.1

61116166111661878 3

6116116166118316,3

61166161 346 1. 855, 4 ·

611616 673 5 ¹

1111666381, 11

111766111661,4

6166168311, 3

611116116883310

6111616164111

611611116331

81161134. 3 413, 6

1111116113ῃό 7

1116661617, 3

6111116784 ..113 1

1116111161 634. 6. 8643, 13.
ffl:·w8 m&

1111611168. 683, 1. 338. 1,

613, 6731, 3.83,1 3

’6116166114 7. 86 6. 31,1.

166. 6 133, ι
11161616 188 3, 136, 16.
ze 255,

 

