1110111

6881081151, 9 1116101607, 10 mernor 416, 6
6111110101191, 1 111Ιί1468, 11·597,11.651,1 1111111157,6.515,19.616,5. i
811Ιί1479, 5, 858, 9 6101111119, 1 814,8
111110 54, 1. Τ115, 1. 114, 5, 6101811516, 1 11111101 108,6. 411, 58595
ne, ι 11101181, 1 61110160, 6. 414, 9
11111001 658, 8 1110111111 860, 5 brevi, ι’. 1. pain 706 745, ς
1111101444,10. 669, 5. 709,1 bipedalis 668, 9 6711147,4. ue, 5. 546, 4.
111110110110191407, 5 bipennibus 581, 7 854, 8. 894, 11
1111010101101111111911001751, biremis 558, 5 brevibus 445, 5
Birrbi 550, 9 brevioribus 811, 5
bei 011 51, 5. 547, 7 1111110 585, 11 61111111,5.111,5.674,’1,111.
1111100101 419, 3· 1111117111 151, 5. 755, 1 1111111111 116010 875, 5
6111011188, 1. 117, 3. 155, 1. bitumen 451, 1 brevitate 601, ι
585,1.418,19. 557, 5811. beandi 71110 907, 7 Briseis 165. 1
bene 175, 5. 190, 1. 196, 5. 1111111111 565, 6 britanis 167, 1. 419, 4
115, 8. 557, ιι, nce. blandi 508, 5 8111111001 88, 3· 154, 1. 160,
61011111655, 7 1110611011196, 1 10 ¹
6111018101,801.515,7,691,4 6110601551, 1. 86101104465
11100161 751, 11 6110111195, 8 11111011 591, 8. 655, 1. 7608
Benevenwm 565, 7 1111060111 50, 7
6101401116,1.957,10.475,4 blandiri 841, 7
benigna· 493, 8 1111010610 501, 1
6101501761,6.765,5.796,8 blatern 7069 ,
benignis 571, 2 blattarum 649, 14 60011801118, 4
6111911111419,5 60101180,6.450,5.501,ῐ nnn 5851
benignius 58, 6. 804, 1 8001001855, 6 81010174, 1. 585, 8
8111150075, 5. 581,11.749,7 8011101 591, 10 Brutum 585, 14. 15. 751,1
benignum 778, 4 8011157010. 49810. 556, - 1111111508, 1
61114101517,1.ς11, 10 14, 15. 510, 10, &c- 81411111 776, 1
1110190011ίηί1011101901658,1 bona 911110010011111111911, B⁰P⁸¹⁰45b 12
Βε111711111111511,7.564,6 “ 811. 511, 4. 899, 5 61110154, 1
Berecynthio 78, 1 110111,1.1. sarraliam 654, 3 8711061679, 1
bibam 105, 7. 460, 4 bonae 561, 5. 899, 8. 8591
1111110179 ,1 1001111505, 1. 515, 10
616118118ο,5 . 11011585,5.585,11.701,8 C
bibendum 158, 5 boni 570, 1. 611, 5. 700,1,
bibentem 145, 5 &n ·
bibenti 856. 9 10111195, 4. 1591. 578. 11. ·
11101111. 5 ³8³, ι. 395, 8· 1111· 111111 511· 17
biberent 810, 6 890, 5 11111110 575, 5
nibem 191, 1 bono 515, 5. 746, 5. 797, 9,. 0111110111 767, 5. 8116
8111111615, 1 856, 1 1111110790, 1
61111185, 1. 748, 4 bonorum 511, 9 tratum 590, ⁸

6161001716, 110 1101101598, 5. 786,5 cachinnum 10111111 “ms

1111111415, 1 1000111771, 4. 905. 17 menmium, 1
6161611758,1 1101101405,4.511,10.555,8. 1111111855, 5. 877, 1
11181111 871, 4 541, 9. 671, 5. 904, 1 11111511,10.851,11.847,1
1111111101, 5.151,5.817,4 80111155611 (1111116901
1111011816,3 bos 584, 5. 618, 5. 767, 7. (1111015866
8111011951, 4. 611, 8 1 cadent-378, 5
1111101001 789, 5 8019606156, 7 (1111101810, 1
6111101415, 1 Bosphorum 199. 9. 160,9 0110010141,5
1101111499, 6 bove 517, 10. 800, 6 cidi 508, 8
6111101914, 7 1011101788, 14 1181110000 195. 7. 178, 7
1181001111 1015111. 11 816111 61011
born, Epod. 01111 grm- 5151405, 10
brachia, 56, 5. 57, 5. 166, 5. Cadmo 575, 11
,4. 8188118681 196, 6. 569, 9. 189, 1, carnaim
·¹2· 108 · 52⁶›³ 1119 “dorsi-¹

11119705,Η , ,,11111110165,1.477,6 0111101604 edm

 

