INDEX

valentem 7661. 797, ιο
w :11:2322351'4' ⁴8⁷³*

111616 468, 5

11161571, 1

11111 169,1. 167,1. 595, 11.

mmmmm»

899, 61
11111616 651,11. 747, 4

81171851
ν,88887685 vulin ¹¹24
11161111 64, 1. 418, 5, 861,7 valido 111, ι
1111116 798, 5. 861,9 11111111 165, 5. 651, 11. 686,
1111116716. 111,1 4. 768, 7. 777, 11. 784,
’8688887814 3
mmm fflmwmmme
11166 655, 6. 865, 5 796, 6
1161616 19, 6. 78, 4. 541,1. 1111667447
411, 5. 616, 9. 659, 4. 1111116511 -
687, 6. 765,11 11116516, 7
1111 18, 7 1111661466, 5
vadato 595, 1 1111111111 761, 5
vnde 786, 6 111661111486,1
‘vadere 588, 9 1111111914, 9
16111865, 7 vana 548, 9. 848, 5
1111111567, 1 111111 96, 1. 556, 16.
11811481, 11 7.
8315176868. 541, 5. 641,1. 81666ῗ5ῃ 6246
6111· 6861 ’11111111
11811 656,8 vapores 816, 5
1141 118, 4. 546, 7. 566, 1. vaporet 796,7
1881111111. 111. ιο *11111181
1156 ιιο, 6 1197165184
1151611111 566, 1 1199165141. 651, ς
1141618411, 1 811675,1. 456, 9
11111 1111· 1111 1111111611
16511111781, 1 mie 596. 6. 656,8
11561895, 15 1111616875, 7
1111111111 1111111111. 81111
11516 555,4 111111 56,11. 78, 1. 6457
1156 565, 5. 9ο8,ι mio 866, 5
'⁸8⁰¹ 8917· 53014 ν’ξίθ 851 ¹· 8771 3
11561686, 4 1111666 6, 16
11566 16, 8. 656, 8. 794, 6.
886, 5. 891, 15
8111791,1
1116181776, 6. 961, 5
1116 691, 16. 759, 1. 786,1
1116161876,1
111666 761, 9. 815, 7 8116111666, 1
161611 bene 656, 8 11111111 555, 5
818818 5¹², 8· 71015· 740141 '²⁸ 5851 ¹²· 74019
1614· 84176 11111161
161111 non 111111 769, 9 1111116 586, 7
1111111 449, 4. 451, 7. 567, 11116 417, 16
4 1116 466, 5. 486, 14. 685,5

varium 645, 11

Verium 595, 6

111161 .68,1 ·

811161 561, 4. 567, 816761
Ι. 60517· 61113171516·
719, 11. 854,1

⁸73·

*8881884816
16155 1155, 6. 155, 5. 511, 4.
1111496, 15
ffiwmessnefflm
ffiffims
1ζ551611811
811831188888*
66115141 ,
11111454114156
wmn
166116 631, 1. 411, 6
11111151151· 111111·
470, 1111611161·

1111
6111116 556, 14

1166615556

16 56, 1. 95,4. 568,1,111,5.
76, 1. 466, 6. 65,11.

mma. 9⁷05. 16, fh, 61.

1661814945

fflwm

116116 546, 7

vectigalia 515, 4. 655, 11

wwms

1611165111 5

166161166858, 5. 8647

vehemente 784, 5

1616177415

Veia 446, 7

86166166 714, 4

Veientanum 651,4 ,

veienti· 867, 8

1611196,11. 649.1 .

16118111117,4. 411,1

8611816 659, 5

80818 ⁸05) 4

161116159, 5

16111461 514, 8

1116189611

Velie 791, 1

velim 515,1. 565, 6. 611,
6Μ1ψψ81
1

16116166 965. 6

81811 1161

1686165616891. 522:

 

