11001111101011 0111111111-

8110101 416, 10
mnne· 905, 1
‘hd‘ 6971 ⁶

11111111 567, 1

Rheni 604, 7
Rhenum 874, 8
rhetor 556, 4. 861, 15
rhetori· 601, 4
811001ιί 157, 4
Rhodio 605, 1
Rhodon 18, 1
Rhomen 541, 1
ffifflmns
8111111, 0181811111, be.
8100010151, 7
8110111 165, 7

16011111 655, 6. 716, 6
rhombos 618, 1
rhombum 5186

00010011611011.

ήέυω 600, 5
*ξὼ 7111 ¹ Ι

&aaa 91 7391 ¹0
”dentem ⁹1, 11 308741 ⁶⁴⁵2
4m4

1811015158ῧὲ ¹
‚fflmmns
1111111101 865, 8

&mmm
116016111101761, 5
1666111849, 1
1111111555, 6

1111801716, 5 1061111610, 1
flmmv wwa
11111061 697, 10 mlum 574. 7
mma wmumws
&mwmmmmwwms

511, 1. 667,1 1051114581 1. 66171
mua wwwmmmz
117111 141,9 2
11711 547, 4.. 566, 6. 565, ς. 1058176812
1051115501 «
, 1051101 551,11. 681, 5, 756,
riseri· 491, 4 8
1161111564, 1 11511118, 1. 715, 7
tigno 479, 1 roget 511, 11. 689, 8. 750,
*ms 0
ffimmr wms
1111171111 , 8101151, 5. 168, 7. 579,
ὥωώψιὼι 8ω1ωψο0

1160111891, 8 ⁸· 7⁶3» ¹0· 7972 7· ⁸³5·

risu 117, 7. 415, 4. 591, 6. 1 .

600, 5. 611,1. 90517 Roma 556, 5
116190111170701111861, 11 8011111551, 4. 574,1. 418,
“wmwmnm wmwmwm

wssaehm4* ·»-6·..

ι 765, 3· 778, 5. 8151.
11117140, 86551, 9. 568, 5. 7519858, 16. 860, 8.

1 5 11 5
111αεῖ4118. 767895 Romam 155, 9. 576, 5. 789,
11111116. 554, 1. 578, 7. 5. 777. 7. 788, 4. 855,

{apum ”m 8011111 189, 8. 80,6. 574,
ὼΜ6Μ189ΜψΜοΜ

4· 686, 81 668, 1· 877, 5

1⁰ mmm.

111111 911, 15 8001111111 501, 6
1111511 80111111 174, 1. 551, 11
1110160, 5. mn 80111111 851, 5

sivo· 114, 6. 151, 1. 115, Romani 1501101 881,11

10. 501, 7, 745, 7. 771, 80011111 70111901, 7
5 8001111115,6.861,7.895,
*mmmm‘ n

71611511, 11. 66810. 681, 111111 11, 4. 781,1.788, 8010110616,9.707, 15
’ .751,1,1,11.111,1. ,16, 17,5 8000014575

80110

11811171, 181, 9. 556,1.

ΜΛ οης

111176, 5 8011110111 456, 4. 461, 1,
11111586. 507,1.550,10. 6711817712
mm Mwmmo

1101111585,15.711,1.515, 111101 515, 1 8011011515, 1. 500, 5

8168611161 601, 6. 851, 15

110111111ερ61, 15, 715, 9.

81889

1151111401, ⁴
1151111 195,
&ww
1151811 850, 1
rigidum 186, 8

1111100511, 3 · Romuli 111, 6. 597, 4
11111111 810, 4 Romulum 51, 4

11111101, ,4 ’ 1111110111, 5

1011011111 579, 5 1011164, ς. 551, 7
1060116, 7. 100, 5 1111111910, 15

1061181509, 1 10111155, 8

1011111161, 1 10111511. 144,1. 191,8
1010801451 10611175. 16157. 5087,
mmm mm

108111 789, 11 10611011

 

