. 99161699, 3. 669, ιι 4

’ Cerberus 199, 9. 196, 3

’· 11191111

69111969 799, 9 certamine 71191991 879, 7
censer 791, 9. 869, 8 9911191684, 1

9911191796, 4. 798, ιο. 779, 9911111879, 1
1116191890731,39. 888, 7 1161111161 64939ῒίω

censore 994, 1 1911119196, 6. 969, 9. 468,
1916111869, 11 16. 668, 19. 8,11,1. 819,

1911111179119166, ς
1911114, 9171, 9
1111111111 998,9
1111111891, 9
. 19119 169, 9. 997,11.696,
091119191479, ιο , 9. 914,8 ’
1911911991, 1 1911911161 787, ι
1991119711911111 191, 9 91691617, ιι
0996911991 01911 119, ιο. 19111914, 4
1691 1116911184
9111191199, 1. 118, ι. 187. 91111119691994, ιο
1. 196, 9. 948, ι. 361. tertie 977, 8. 791, 9. 874,
ιο. 968, 9. 464, 3· 490, ιι. 867, ιι
ιο. 9191. 919, 8.· 641. 1111111774, 1
1. 646, ιο. 696, 1. 7561 terties 694, 8
1. 891, 19. 891,9 certo 999, 7. 474,,9, 948,
eentum millia 641, 9 19. 649,
01119114991, ιι eertum finem 749, ιι
0911911991191979, 19 cereum ’1. 9,
1979198799
19911191 699, 4
99911698, 7. 844, 6
terr 687, 6. 798, 7
9911ιί19664
1911619661

1991111991 764, ιι
tensum-620, ι. 718, ,9
- censue 111, 9. 996, 3
0111119191 76, 9
Centauri 967, 7

3
4

mssffiw

1911111 Apollo 91,9 ,
1911919991111 766, ι
111116,1.179,9
γ 19111989, ιο
territe 141, 4. 991, 6. 741.
1419197, 1. 9891. 990, 7 1911196415, ⁵
191911494, 7 167. 1
terebri 991, ιο 19111191997,1. 197, 9. 899,
9919619111,8 ι. 879, ι
cerebrosus 998, 9 1911111189, 9
cerebrum 649, 7 1911191111 pellem 741, 9
ᾱωηωμωωψαώωψύω
ι «1111117999
0919111148, 4. 714, 9 9111111919, 19
09191984, 4. 6 96, ι 111191991, 9. 390, 4
11199169ἃί111111111111887,11 19119169, ιι. 774, 7
1119118999 9919111918 4
0911111119 9199 cespitem 1, 9.1ι9,ι
carre, v. Caerire 19161111 711, 8
9911919916, 9 tessaura 191, 9
811έὲ1ξῖ. 81168881162111,
9911191, 9. 98, ι. 1199.. 9
911. 9. 949, 9. 664, 9. 11611949,1’4.691.1.781,9
7ι7, 8 'cesset 199, 7. 919, 16
tenebitur 684, 19 1191191611 766, 4
661111691οέ166 919, 6 11ί6111ῃ118.69
1911191111 trepidum 819, ι 111111119819, 9
9111111611749, 4 9161111897, 4
1911119199416, 11. 774, 8 cesserat 191, 1. 619, 9

abrai 19119 jugem

amm&
eeffisset 984,

1191111196, 1,

1911111686, 1

011119411 864, 4. 876, ιι

1911989, 9
0111111111, v. 0119111111

, chari, 111111

cham 609, 1

charta Gen. 969, 4. 784, 6

1111119 Plrrd. 997, ι. 919,

1111111849. 7

(1111614096- 34⁷· 14· 111.
1191969981

emm
11111111, meam

0111171111 194, 6
0111176611 889. 6
0196111891, 8. 999, 16
01111464, 8

chia 419, 9

chii 649, ιο
1111911911199, 9

1111199119 119, 9. 967, 8
11199991 4
memffis
‘hfflsfl 7052 ¹· 7²7, 3
Chium 919, 1. 714, ιο. 718,

,6197191899 ιο
chlamydes 796, ι
chlamydum 796, ι
1111181991. 189, 9. 199,
0111111121, 1 1896. 944,

efflari 997, ιι.

01119ιί1168, 8

1119181999, 7, 19

chordis 998, 9. 931, 1

1691911999

011οΝ16 2³12 Ι· 3389 2

chori 6, 6 “

1119111196,9.16ο,4 891,
1

11919169. ι. 417, 1

1119111191· 114. 4· nm

1119111999, 9. 841, 6. 861,
9. 899, 1. 898, 1

011111991499, 9. 8811, 9

Chremen 699, 9

(ἭἿήΡΡῘΨι ¹3

mer

0111769991 941, ιι. 669, 2

9161111 998, 11.

1810 447. 5

1119111178, 9

6ψω8ω96
&r

 

