bunne 373, 7. 641, 9. 644,
6. 649, 13. 631, 3. 6363
inscitie 610, 7. 636, 8. 641,

12· rene
61611111376,1
6161111170. 14
insculpere 647, 5
61611111 706, 15
61111101 836, 4
inscrutatus
1161111111
insenuit 861, 10
insepulta 431, 7 ’
616911161837, 1
61611111340, 3
6116111111169, 1
urere· 1,,
6111161337, 9
6161111431, 1
inseruit honori 887, 13
inseverit 334, 1
insidiet 317,4. 340, 6
insidiatorem 684, 8
6181111701, 10
1111111146, 7
insigne 149, 4. 340, 6
61614111193. 141, 1
6116131111 87, 4. 113, 3. 119,
0 ἓ· 38315· 66917
11 311331

2 inignit 661, 4

611316611443,1. 707, 11
infigerit 617, 1. 908, 4
insiluit 914, 1

’ 6161111481, 3

’ infimi ³792 4

i 61161111 431, 9
, insolabiliter 787, ς

868606(Πῖ 23, 80 707 11 881380
1166666166 163, 1. 337, 8
insolenti 139, 3
6161111111494, 6
616016101376, 4
1110111111891, 13
691011111181, 4

616011133, 3

616911111494, 1

insursu 575. 11 ι

inspexit 737, 6

”” inspice 763, ς
6169116111313, 11
6181111103, 1
instantium, 1

611111383, 6

1113111466, 3. 313,1.394,1.
616666115769, 7

61811111 619, 10

1111111311, 4

INDEX

insiimtfiuo, 3
1181101178, 8
611161011101469, 6
6186111874, 11
1111111186, 3
institutum 344, 4
616111111694, 3
61110741, 10
insinuit 897, 3
6061161601811, ς-
6111161841, 7
61811111110341, 4
insuavis 337, 11
insudet 330, 11
insuevit 333, 3
1111111414, 8
6161161397, 7
insultet 134, 1
insumebat 911, 11
insumere 634, 1
insuper 679, 3
616113114697
intabuissent 447, 6
6111616834
1111611119, 4
61116111 463, 1
1111111619, 3
intueti· 331, 3. 8441,
1111161111 134, 7
1111611436, 3. 6137
611111111111147,1 .
integer 166, 4. 110, 4. 611,1
6111131111ἰωί 638, 3
integer 16111 88, s
integumentis 644, 4
6111111160, 8. 1111
1111911631
11113161 101, 1. 6341 13
6111310383, 11
integrum 149, r. 381, 4. 633,
6· 67718
611611311779, 1
6111111739, 3
6111111377,1
intentata 14, 3
611111111111898, 3
61111111913, 3
intercident 671, 41 ’
intercinat 890, 3
11111111111111 741, 4
interdicit 319, 7. 738,9
6111166110 638, 1
inteream 393, 3
interempto 381, 10
intererit 893, 6
11111111111111111881, r,
interest 161,7. 397, 9
6111146313, 11
6111161661, 1

interim 3²³· 8· 41113

1111111191, inid.
6111161111630, 7
interime 161, r. 6931
interire 116, 8

interit 877, 9
61111611883, 7
interitum 913, 13
interitura 391, 6. 39816
611111111198, 3
interminato 447, 3
intermiscere 603,“ 9
111111161361, 1
internoscat 910, 10

interpellandi 393, 9
61111911111601671, 3

¹ interpellet 381, 3
'. 111119111 681, 8. 883, 9· 9071

interpretetur, 10
611116113, 6
6111161716,8.889,9. 89311
6111111111860, 13
61111161161634, u
1111110 40, 3
12831ῐῖ13515 ’

l
611101601477, 9
intonsum 86, 1. 767, 3
6110111391, 6
1111111478, 6
introrsum 618, 13- 799, 8
6111111444, 9
intulerat 163, 1
11111.1,1,11.416,6. 8447
intumescit 483, 8
iuventte 397. 741113
6111161869, 6
inueniet 3 30, 1

2 invement 3, ς

inveniet 6 9, 1

invenior 610, 1. 640, 6
1111111196, 8

6111111349, 7. 843, 4
inventi· 888, 3

6111110 693, 1

inventore 606, 4
immiti, 1
111116168, 1

imis) 4⁶5· 6

6668866116814363 80 §Q 3
61111161111333, 11

invertunt 717, 4

173139 ,17319111 1· 1111*
1111111473, 11
1111611331,13.614,7. 717,1
11111611 384, 3

inette 41,1. 1914- 1111 1
heinr

1 1111111431, 3

 

 

