. 01106777

11007707077777 0777777777.

amm 777. ι 7477
obliti 758,7

01177767 ⁶81⁷, 7
101117777 766 6. 6067 7· 7777

011ςί707, ’70ιό7016363
0117ιί74673

01110· 07060 430, 6
6111710006473, ².
011777077οι 407 9
01177010 776 4

011177100ιά07777, 5
77111711ιί767 434 3

0169077904, 7 ’
01701067, 7. 770, 7
0167676064

0110007776 937 6

0110707177οι 370, 9ι
01107777 779, 6467 70 “
obscurantem, 73,
7711077777 69 7

01100776 6617
0110761676, 7

0910777037, 3. 769, 9
obtutum 669,3 767, 7. 304,

0160707 673,

01100707663, 7
0110070767, 70
01109οῑ0690, ιο
obsequium 666, 6. 777, 70.
600, 70
0110077777 497,

0 0667476, 66
0176769,3

01677 76

'obsoleta 49ι,6

0110100 76 7
0119677376, 6. 677,1. 777,

71170707 773 7. .,373 4403,
6666166712. 767, 6
6171770643, ιι 4
obstaret 397, 4

obstat 374 ιι. 3ξ7,.7ι .6,936
07711119 4⁹1⁷ ω’ ¹⁴
6161777777791,7 3

016790 690 9

01717777 733 3

obstrepenti· um

01670777 360, 7 479, 4

. 0167777777 4715
7716ιί011776, 7

7167673767 634, 7 s

“ occidentium, 9

’ 0007777737 7. 407 3

’066ιί07 677, 4

01701707 767, 70
0770077 696 2
0171317440, 3
obtulerim 538, 6
0177117373, 7. .374, 63
obturem 863 7
7717707396, 7. 696, 7
0 70 m 707
0007106776 477, 5
00070667, 6
007606779743

0610377777 76607 7776776 649, 63
odoni· 376, 2 ’
00017733, 77

0777177676, ι. 7747. 7366

9767653671· 559· 7·
⁶⁶5 9· 793. 7 677, ιι.
673 73 66 74.9ιο,ῐς
ο77777717...8..,7777677
776, 74. 769,6
000107 736, 7. 796, 3. 397,

67. 646,Ι 5
0070773, 6. 777, 3. 736 6
6161 1882217183 7. 397,
0007077477. 5 8· 709, 6 777, ιι. 76,
0007671177 66 373 70

00016070 633, 77. 606, 3

'occid 0717 393, 5
occid ι 799 67

’ occidit, pen 17 brevi 994. 06070764, ιι. 347, 77 ,
¹ 7073767637617 07071733, 6 777,6 “
’ 0009017, penu 7117776630, 9. oderunt 377, 15. 799, 73,

8¹⁶8 634
, 067743, ι. 736, 6. 3766,
669, 6
0717777777 336 5' ¹
0679 367, 3. 740, 76. 777,

0676 01611179 68 639, 7
061110 676, 4 · ’

0717117 336 ι. 6743 ’

6,37 4. 974, 77
00617630, ιο

0007717776 797, 77
occulta 7ιο 377, 6

’0000170 34, 4 7363

707 1·7777777. 7 767. ¹⁵
000097 60, 7

0007777 711607 467, 4
6000 09770 467, 70

· 0000777403μμ706336763, 0017673,7.737,.,ι76770’. ,

φᾶ99999, 6,77’36.,6796.

9619976474

97774 7. ..7 6767
oum!

0007707333, 7 6607611697, 3

occupet 797,7 349, 70 733, 06077ιὶ7 374,6

ι. 673, 70 odoratum 707 74

otcupetuttemum 1071707970 06070377, 6 -

6 0607007777, 3. 679 7 747,

6676669171. ·.77 777. 7 odom 7777 -

7777 77777 77777. ² ⁴⁸9 7 ,

occani 733, 6 odoror ⁴70· 4 .

occurrit 397, 6 oenophorum 376, 6

ocmnunt561‚ ς 0101116377 ·

00060076, 3. 734, 43666 0101106797

0007007479, 4. 464, 7 01011067 34, 76

00107, v. 00707 0611776664

00707777 639,6 offendam 977 5

06177707 764,7 0600677766, 9. 903, 76

0110667336, 77

0666070774, 6

7 8767
occupatam 776, 3’

occupato 357, 7
occupavi 673 3 · ·

nano 607 4 - ‘
06166067 766 5 ο110776070769,6 8
0617777 667, 4 offendet 670, 630, 7 “
0610636, 7 offendunt 905 6
06066106666767667767636, offenduntur 694, 6

3 offensa 476,3

273 011066

 

7ο.6687....7777777. ’

