1166116161611 0111111114,

1111161, 1. 478, 6. 336, 3. 613, 3. 833, 4. 641, 6 1114111111 166, 6

34, 13. 667, 3. 664, 3 1111111111, 14 1111111111 466, 1

11111.1696,1111111· 11111116611666, 3 1611161 663,1

cinno 317, 1 Manium 334, 4 1111161733, 16. 666, 6
41411,6116.673,11 6616Ιὶ63143 ‚ 111111611417, 1. 3331
6611666161 17 3. 3 11111111 444, 6. 366,’3 1111111111 6ο, 4
1111161434, 9. 314,7 1111161 344,6 4111161111 64,4
6611111111313,3 manserunt 643, 4 marmoreum 13,1
1111111111, 3. 436, 3 11111111 367, 4 1111166111 639, 4
11111111 366, 4 1111111111 376, 3 ’ 1161161469, 13
114116,1111.614611.474, 8. 11111111 134, 6. 133, 4. 136, 16111443714

11111161111611119 1· 111. ⁸· 111. 1911. 1111111616 4
1111111111,16411.468,14 3.397,9.776,7.63,4 Μ1163ο,1ο
1111111611.671,6 11611446,3. 4433 161111, 761111. 466,1
1111161118 1,1 6144114343. 3341466, 3. 11161366, 4
mim? 1611611811 1161611111· ⁹⁰³⁹] 1116111411 ,
11111111, .96, 7.47ο,7. 11111161,91111611,6111111111111 16411116, 3. 468,4
. εἷ’]ξρίξιῂέ 71744 393, 35431333. 466, 4. 6131111 ma 466, 6. 476, 1,

1 1· 1 ·

111111 3111616446 111111,711111.74,3.134,1. 1611111136
1111147111113161841, 6 336, 1. 364, 11. 333, 3. 1111111113, 3. 133, 4
1111114761111, 631666 443, 4. 467, 1. ⁴9¹· 3, Μ1111161111316,3
mmmm 361, 1 339,1 111111111171, 3
1111161173. 4 ⁴ 1117311619, 111756. 6 Μ1111161111311363, 11
1111111164, 4. 463, 3 11147711 666, 8 Martiis 463, 1
4111111661433, 3 1111111134, 3 6611116464, 4. 416,14
4111111644, 7 11116111111676, 1 1111111431, 7
1114111394, 16 mare 3, 1. 18, 4. 46, 6. 47, 1116111179, 7. 611, 3
11144113 3, 6. 696, 1. 3613 3. 3ο, 11. 39, 3. 68, 3. 1116618447. 7
1111114 7166 166,4. 113, 4. 1336. Μ11113111113ς13
1111111711 666, 16 164, 4194. 4. 131, 1. Μ111111677,3

61636ῗῖ· 7661 ⁸ 333, 4. 337, 6. 336, 6. 16161116, 6

mxv .1ν1ῑ11;;11;;1ῑ111113.
4116166619, 1 3, 3. 366. 16369, 6. 1111111731. 361, 5· 383. 7.
1111111111 ' 414 111. 1 114. ⁶· 539· r. ⁵⁹³· 9⁴
11υά1117664. 661, 3 1111161 671,1 643, ¹⁴- 644, 1. 6664. ,
1641111111 617, 4 Mareotico 146, 3 667,1.167, 3. 611,6
1111611111866,1ο · 11111187, 3. 9ο8,3 111111661176ο,ς
1114111, verb. 484. 6 ’ 11111167,4. 166, 111. 336, 4. 6111111111 337, 1667316
411116, adverb. 366, 1. 331, 3. 436, 13. 464, 1, 6. 463, 1114141111 663, 6
66, 4. 639, 4. 663, 6. 3. 361, 3. 6664 1111111111 343
6. 733, 13. 763, 3, 1111116111 73ο,3 111141611793, 13
9. 616, 3. 63311 uarice 314, 7 1111111111 376, 4
11116111 114, 4 1111111713, 1 1611111483, 4
11111116 7443 1111111131. 3. 344, 3387, 16111111 3631 .
4111116111 361, 1 4. 4663 Μ111116111167, 1
1111111437,3.433,4.643,1 marino 33¹,8 61111167, 1. 166, 4. 333,
111111116337, 11 11111611446,3 1. 371, 3. 373,9
11111161617,4 1111111141. 1661. 171, . 11111111 94, 3. 97, 3· 616,
1161111141, 4. 363, 1. 644, 16 447, 4. 383, ιο. 734, 6. 4. 636, 7
4111111,11111163,11.ς8. 1. 777. 4 1111111 36, 3. 131, 7. 163, 6. ’
1631. 446, 6. 476, 16. 1111111711714. 1ο 363, 1468, 6. 497, 6
111131131161 11161111.1·111.1 ’ 11131661 .
4111111,]16311111.11111116, 11, 1111111431,6 1111111613,11
Ι496, 3. 793, 6. 668, ς 1111111 71, 3. 178, 4. 6444 1111111184. 3. 466, 3. 377,
36666161463763366 ςο, 66116666. 47ξέ6636366 197. 1666668646,36.ς6643. 343,
816653 ⁶· 0, 61 ξομ 16130435165836170836 6818093 188672119335
17 141. 11· 611. ¹¹· 1111161111 ¹⁸ momms- man

 

