600116161611 ῗο4ἰ111011,

1111116111 49910 ’ · 5 707,7.718,9.’ 801,1011601716,1 ¹ · ”’

11110611811840, 6 7. ’8,81 9 ’ 66161848943
101161111911 141,6.197,111111·1101’1111997,1 3 11111111 8961

9. 799,9,799,1,8,97,19 1111111011190611111116147119·
11111661191641 1111111101766,.83666,16 111111Ιὶ191777 ‚'
1111060697911 mercaturis649,2 · 1111411117, 1. 9991 Α·
1111161118617,4 111111101699, ,9 1611194611 ··¹
mendosum 799 9 1111111119, 7.1 1, 9,,411, 8 1111111 11, 8 ⁴

M,enelaurn653 11 11111161104,.1 191, 9. 635, Μ161614 97, 91616,1·7
86111011661 ’1.7,09 9. ’811,6 ’Μ161111990, 1· ··
1111111977.190,,4.188 8. 1111716161 997, 4. 717, 9.· 11111919, 9, 7 ·

31111434· 144313 413· 4 ’Μ363353’·4.1

’489, 3. 546, 61714, 4. 11111114 9186 977,1 11160111149841

740, 75. 97, 906⁶ 1011116111 919 7 meta
1111111ιὶ111 91117,87 9 6111111101 7101 796,1 1111161717414
0111161119,9.991,.6 998,111111111161111011769,8 mamma

..5 617,7. 677,7 11111111611677,1 1111611119
111061819111890,7 111111,1611,111,7,148,41110106791
mensam 691 9. 714,6 11111111 paral 1111111998 9. 8611111111611111116979 77
1111061611, 6. 699, 9. .,9094 9411897711 910,4 Μ111110146,1.6 19,1
1111161777, 7. 778, 9. 632, 4,8 10111111176,16111111660,9 · ·¹‘
πι111611189,9.990,106664 Μ111111ἰ41,’.1 194,9 11110061417, 61 ·

1116111406 9 8611016111641, 7 1611871111111718, '6
1111166199, 1 9896. 681,4 Μ11101111111111119, 1 1116101144 1, 1
1110601101 106 1 Μ1111110496,4,117,9.177,Μ111ἰ906,7
1111111117. 190, 3. 940, 19644, 7 1111611464110

1. 417, 5. 908,1ο, 699,11111119901 ⁴ 1111611101919, 11

1411·1·1·331 11314 3333734303 333341111131131

869, 6 111116111411, 1 11111ἱ1647,1.818,4 ⁴

1110111168,117ο,1.140,·9 1111101111191, 4 11111191,. ,19 194, 9. 190,.4

199, 1. 674, 9. 669, 9. merentis762. 1 7771914189. 911, 6.

3311 710 11 3411 43337304 -· 4431· 41411
84ο,1 ’ 0101111111 948 11. 6099, 1111011111111101 9116 ,-

111101111166110898, 11 778 ,1 110111119911909, 7. 669,
11101117781. 477,4 111111110809 9 1111111919, 8. 990,10
011011116961 1111110118111917 7 111111191981799, 5 ¹·
11116801917,9,899,4 11111111111999,11.661,1,11140101100,4 ’
1111161991, 7 - 801,1 · 111111811917,4 ·
1111110199οΛ meretricula 707, 5 116111101107 7,7
nentium& 787,.7 595, 011111611μ996 788,11 111111161647,10.841,8

9. 6844, 4 64617. 690, 01140446111.618,4’11111016171,9.170,7

.1718 6917 1111681,1. 177,9 · · 111111160149,4
Ι1111611767, 1 meridiem 3,52 1 1411111111 949 911, 5. 335,
1010611689, 1 Merinum 65.6 ' 6. 717, 3. 947, 10.- 674,
1111610988, 1· ’ 1111117991, 11. 369,7 101647191708μ1 803,
111116111716,6 886,4 meritu361,. 3. 997, 4. 818,8 ’.8 8041. 637, 5
mento 1761 447,1 1011110907 10. 990, 4. 771, 1111171111.99,6
1110101,7.199,7.418,1,1.6,49 9 1011υέ1111ος9, 3

451, 1. 477, 7. 4787. 0111110110898, 17 1011111111 69019

499191 61199 π999 9 ι 111761109711171171941,4·11111111111688,ο69717,91
111261111216'6655¹ 4087156717, 11116971, 71 78-,9. 76, 91 6666668616] ’¹3 0,·

7 7777 1791 1991 10911 1111101118,.99 29‚.56 984,
1910191619 99911 9041. ’,916 1191611 Ι 6174411· 799, 19, 819,
32:663: 7¹²7* 4111411171 ,11111111 .
1111111111 1910 911, 4 1011106189 ²
10166666867684 6666616667167 6666166664, 171418 189,
111611791146703, 1111617847, . · · 8194911 Μ’ 9
3 mum

 

