111111111111 0111111111.

ne ’17754 577, 5641, 1156666568 .. ,71511175,7.86,6. 174, 7,
.696,1.,755,7. 764, Ν11116111551,6 476. 1. 551, 5. 577,
,11 18868111 Nestum 1811 16176. 6171. 877,

1151611451, 1 1171111165, 5 1

7151111557, 7 111111 645, ι 71511964. 174, 7. 181, 5.

11111515151775146. 8111111578, 11 774, 4. 768, 7. 681, 1.
55617. 546,11. 7ο,1. 8111118561 ,, 861,5 875, 75
578,4. 5 5, 76. 6657. Neronibus 379·8 114111111417,4
777,11.657,5 Neronis 768, 7. 771, 4. 1115111767,4

1111111667668 , 7814 11111111. 8· 1186

1171117541,7 Ν1111111416,9 nihii 81, 7. 118, 5. 144, 5.

nmmos, 4 mv? 811. 4 22⁶· 7· 111. ⁶· 747. 11·

1111111186,4.578,4.575, 1111111794,6.615,74677,7. 771, 1. 4671. 497, 5. .
7 ’ 719,15.797,1 587. 8. 616, 8. 647, 7.

mptum. 5551. 656, 1111111166 Ι698, ⁸· ,

9· 708.11.717,7. 7757. 6117177471 nihil 71171117 6964, 741,
668, ⁸⁹ 80¹⁹ η’ ⁸⁶⁶⁹ 666616666ἷ114λγς, 15 11611167111111711176771111

17111116, 5. 77, 7, 757, 5, 1116111765 717,7
515,,1..541,7. 5644, 111111597,1,9.597,17.646, 7111111111795,5

16614ἔζωῖζ”3ἶ86”5 1116115111 559, 4. 597, 6611661ηζ615ῗ85..ι 6471 8, 17

mv, 1 ιι 11111111161664. 1

m. 711 nequam 479, 6, nescioquod 858, 11 1111111171111111866, 15
548, 17 111611111τὶ 9111111 588, 5 1111171645,11.657,5. 717,

1151111755,7.488,5. 615, 1111117699,9.879,11.911, ιιίΙ6Ι ⁸⁸ οἱ ⁶¹

1147111117, 6. 157, 5. 651, 1113111551, 15. 517, 5. 871, 59161, 34616536 93'311:
Ν ⁸· 34¹· 617· 466131ῐ47

1171115875. 618,1.869,7 11611517, 1. 778, 8· 7711 494, 17. 519, 7. 711, 6,
11711611457,8 17. 781,7Ζ 91599161 575. 6. 575, 1. 576, 5.
11741111 198, 5514, 5. 794, 1111111117 111111 mern 927, 557, 4. 551,7. 577, 4,,5.

² 1

Neptuni 551,7 nescius 74, 5. 649, 4 1111151711, 8
Νερῐ111111461,1 11164965 ’ 1111116585
Neptuno 111, 5. 456,1 1111111756, 6 11111111 numerum 1111111911
Neptunum 557, 6, 777,6 1811111765, 4 814, 1
Ν1511717497, 5. 877, 17 neu 14, 1. 175, 7. 157, 7. 111111111711111898, 5
1191711711,6 157, 1, 7, 5, 5.6,61“1. 485, nil 1111111111 111 571, 5
1171191711 677,7. 879,6 1.541,7,611611,1.684, 1111171111 546, 7, 855,4 ν
neque 7, 7. 19, 11. 71, 5. 7. 685, 7. 8877 1111166775 ,

76, 4 51, 4. 55, 5. 56, 7. neve 15, 7. 691, 6. 797, 9. 1111111581, 11

578, 11, 17, 15. 548, 5, 189, 7 711 51115111 617, 4

4.551,11. 5 54. 561, 111117ωὸ575 7711711111511,5

5,6. 575, 14, 611. 577, 1, nexae 145, 7 1111711111899, 7ο

611. ni 588, 8. 477, 4. 111, 11111111641,11
»1511116777 1. 576. 6. 514, 4. 646, 1111111117 655,1
1171111614, 5. 87911 ιο. 651,17. 739, 5. 859, 1111114754 q. 419, 7
nequeunt 557,4. 611,4. 777, 17 1111111576, 5

17 nido 576, 7. 678, 7. 876, 1111111717, 5
nequicquam 18, 4. 64, 7, 5. 5 , 11111178, 4. 175, 1

716,1. mn 71 ore 675, 5. 716, 17 nimirum 654, 6. 649, 15.
nequiere 689, 11 1111111759, 5. 419, 5. 777, 771, 1. 787, 8. 794, 5.
1151111647,·9. 716, 74 7 ,8661 Ι ·
nequiom 781, 1 11511465, 5 1111111 17, 8. 785,1. 558, 1.
1115111574, 5. 551,11’ niger, promtius 551, 11 615, 1. 751, 5. 891, 5·
nequitia 661, 11 11411559, 7. 588, 9 nimium 11,7, 8ο. 6. 91,1.
11511111 766, 1, 517, 6. 794, 1114171581, 8. 557, 14 Ι161, 6 195, 1

7 11511547, 5. 411,5 1111ιὶ111188, 5. 191110.

1 755,

 

