1111161616. 51911
1115111119 184, 3· 6991 3
inaequali 733.5 ⁴

11115111Ιί1 7σ4,4
1161166468, 11

inamarenunt712, 1

inune-196, 16. 449, 7. 518, 5.
eoo, io

1111111454, 1. 551,1·65715
1111111911,16

INDEX

1111111111 587, 9
inclytum 655, lo
1111661111 458, 4
inventis 874, 4

- inceptu 885, 1
11567161475, 7 ·

1111671111 inl, 4

11111161, 1. 656,5

incolis 191, 5
incoluit, 570, 1

s 1111111117, ς

1116611716, 6
1161611111 546, 7
Indicum 5415 7 ,

11114111161665, 14877, 1

4. 89516
indignationes 4
1161511111886, 1
1161511745, 6
indignis 571, 5

11111157, 5. 581, 5. 764, 5. 1116111111116,5. 556, 5. 1161516559,1.798,11.851,6

· · 876,7
1111118955
1111116169
inanior 8 56, 10
inauri 48479
1111614598
inaudax 51556
inaniet 78¹‚¹
incantata 591, 5
incissignun 775, 1
11111611 569,6
1111611915, ς
1111116556,6
1111611517, 1
incedis 148,4 478,8

· incedo 578,9

1111161596, 5. 516, 7· 815,
. ¹32⁸4¹0³
1111166456, 6
1111161767, 7
incertam 546, 5
11161164146469 s
11111161 5 57, 9. 841, 5
11111111 586, 1
1111611661, 11
1111111649,1
intonanti, l
111166115616. 91111
1111611111,5

ineidat 517, 7. 79711
incidire646,9
incidere 789, 7. 9681
1111111111 656, izi 8961
incidit 585, 6

incipe 658, 5. 75916
incipiitssmi
11111·

554³ 7· 79715
incolumes 465, 6

11615161857,1. 964, 1
indignum 641, 8. 754, ’6. 861,

incolumi 168,7 383,1.630, 11

8. 778,1. 85ι,5
11611111551, 16
incommodam, 6
111161111οά61 815, 5
incomposito 599, 6

incomptis 53, 4. 911,- 15
incomptum 195, 7. 445, 6

1116111111869, 6
inconcinnuiln5,d
11111111111756, 1

’ incontinentes 74, 5

incontinentis 165, 9
incoquere 718, 1ο
116611171195, 2

11161167111111111576, 8

increbuit 696, io
incredibili 166, n
1111111161889, 6
increpare 489, 14
increpuit 420, 6
incretum 686, 1

1111611111 555, 16 ι

incubet 649, -11
incubuit 19, 5
incude 155, 6
incudi 911, 15
incoltae¹ 759, 14
incultis 856, 3
1111116555, 16
incultum 744, 6
1116611798, 1
inuno , 11
incurrunt 16, 9
111611111617, ι
1111111111 815, 7

incipit 558,6. 566, 5. 595, 4⁴ 1111611866, 7

⁷9⁰» 5

161661·
incitat, 8711, 8
1161111591, 9
1161111551, 1

inclinet 556, 15
helnone 724, 5
1111111556, 11. 878, il
111111111569, 1
1111161414, 5

inueniunt 788, 9
indecorum, 6
Indi 561, 8
11611571, 6
indicent 596, 5

¹ · indicat 64, 6

indice 6151167167 6
11611111 876, 11
1661111666, 6
indie· 557, 5 .

11615161674, 5. 6666
11666ἰὶ1651, 5. 4845
1166111115, 5
1166611846, ii. 847, ie
indoctum 176665667ῐᾲ
10
11661111 891, 16. 965, Ιθ
indoles 578, 7
1166611745, ς
1611616111 665, 5
1166ωὲ11111 556, 6
indomitis 416, 15
indomito 616, 5
1116611111 515, 1
1166111456, ς
inno· 55,16. 718, 5. 7566
ihm* 8⁹1, 5
inducant 556, 5
inducit 565, n
11111111 5571 5¹ 8732!
inconnivis, 1

’ inducit 519, 6

indulgens 156, 5

’ 1161114169

1166111865, 7
inemori 446, 11

ineptum 523: 5

¹ueithsonosnoiill

5.,611, 1. 8ο6,1
1111111761, 18 l
1111111189,8.751,5 1
11111185,6.176,15-596.1· l

mmme“

9
inmm{⁶21 3⁵ m),
1111111 5856. 815,4.911,14
5111111147611· 77913

« 1111111466, 4

6Βθῐ1811166561 12

inest 59816. 681,1
111111661111615, 15
1111611ϋῶ6667 .
immilem, 17

2 .

 

