11011111011111011111111.

nexpertnm 881, 14
nsaht& 641, 1

[fane 108, 1
nmmme
nfernes 18, 5
1611111799, 1
111ῖωί149915. 611, 1
mmmmmmfins
infante· 1111111685, 10
1111111179, 4 ‘
hfflwmmmss
infelicis 668, 4
1111111409, 6. 515,5 17511Ι
inferbuit 679, 1
1111111151, 4
inferiorem 589, 5
81161τί11450, 15
infernus 589, 7
infernis 595, 9
1111111189, 9. 61754
8111110551, 5
1111111188, 1. 477,7
inficiet 501, 6

inficit 4571 7

infideles 448, 6
infidelit 480, 4
1116111415, 4 5

infido 454, 11. 86914
infidum 155, 6 Ι
1161111495, 7

ἱΠηῘΜ 8689 7
81611815981

infirmet 432, 6 1
8161ω811598,4
Μωψη

8161797, 5
1118111669, 6

1181111669, 6
1116118414
8161111511, 5
inflet 508, 1
11611111190, 1
ί111’011111111588,1
informi· 864, 5
1111ωωί11111
1160811446, 10 ,
ὴΜΜΛ
infrequens 117, 1
infundam 450, 15
infundit 741, 9
ᾒωωώ1
&iiiii ·
Μή 88814
818ῑῦἷο 3²6 ¹· 61918· ⁸7⁰2 4
rumimunt-nue- 11.
61 6099 2· ⁶²0, 1· 79
1Μ6Μ1Μ
6. 861, 9. 8991. 901,

6· 90916 .

11511155, 4. 16151. 189,
5· 401131 55118· 6111

6. 669,1
ingentem 179, 5. 649, 6
ingenterr58,5 666,5
ἱι1511161818,4
1191161811. 11
ingenue 104, 3. 571,1
61511101577, 5
ingenuum 654,7
umwfflmwffiwm
ingerere 557,9
ingluvia 517, 6
mmfflmnmffln
⁶· 7²⁶r9 ³
ingentem 191,4
1151110651
11511101761, 11
ingruerint, 11
inguen 511,1
51918111 716, 6
inheret, 87011, tn
inhians4i2,r ’
inhonestum 554, 11
inhonestut 573, 9
inhorruit 91, 5
inhospita 788, „6
inhospitatem 89,1. 417, 8
ἱη111111111815,4
1111111111), 5. 6558
injecit 4²²‚2
6111161165, 5. 551,8
6171801115
injiciat 74, 5. 575,5
1111611514. 56, 5Ι 153, 5·
617, 10*

· inimicat 415, 1

1111111551. 649, 18
inimicit 494, 5. 654, 7
inimicitias 845, 5
inimicum 565, 1
inimicus 677, 7

inim 442 9· 85719

, mmmmmw

iniquam 556, 11
1119111411
Μὼηφ
ἱηί9111755,8 ’
1691617048
6191011654
iniquum 15, 7. 188, 4. 5411,
9. 655. 8. 878,1
ἰ119111811, 15
inire253‚5
injuria 695, 4
1111161995
115111061151, 1

,11151161 485, 5

turim» ³
11151181 856, Ιο

iniusti 540, 7
6111111514, 7

. innascitur 554, 5 ’

8111111678, 1

1111111941

6111611494, 5

1111101151, 1

innocens 555, 1

innocentium, 9

11111111611115615 1

110881,9

11111ιὶ1111 484, 4 ,

1117111651,14.841,5.859,8

inopes 106, 5. 911,4

inopi 517,5

1111ρὶ15466

1111511111, 5. 55510. 618,
7. 685, 5. 816,10

ἰ10111111895, 7

inornrtnm 4111, 6

inquam 181, 9. 591,4. 591,
rfflnwmmn

· 79813· 77813

1191111686, 1 -

1191616151, 4

6191116451, 5

inquimus 556, 10

inquinavere 177, 1

inquinarit 486, tn

inquinet 590, 1

inquirent 641, 11

inquirent 555, 4

119111551, 5. 614,1. 655, tn

inquit 511, 5. 5111, 5. 515,
6. 551,10. 541,10. 564,
twwfflnmw

tnriii'eie, 1

1111161911199, 6
insane 616, 1. 654, 5. 669,
15. 695, 5. 711,1

. insani 69, 5. 560, 5. 645, 6.

ὥᾙῷ5ῳ1ωω
insanientem 160,
insanientir septenne 117, n
insanior 557, 9. 648, 8
insanire 511, 7. 644,1. 646,
6, 658,10. 664, 4. 668,
..1111111’1.8’,1.,,,.
1111111111. 641, 1

“ infanifl'e 650, 10

insanit 5198 547, 5. 54ἣ
rr. 44, 5. 811,11
bimi ⁶⁰4· 5
insenn 645,4. 749, 10
Menoe 5151. 6449
6111111516,8.641,15,6505
6. 667, 6. 668,6 ,Mn
111

 

