1,,111411, 1

. 1111111. 1· 1111111111

8711111196
ω9411111
2 . ,7

8711ἱέ191, u
Lydium!

Lydorum 969,9 ⁸
wwmwmmm·
4· 55911

17117111 196, 11. 919, 7.
166, 6 ·

lymphatum 141, ς

bfflwmffl4

¹1⁰⁰„ ⁸⁰⁴0 ¹· 390¹ 4

lynceis 916, 1

8711111716, 14

1711 49, 1. 87, 9. 199, 6.
wwmwm&
491, 11. 811, 19

1111111 1· 41, 2· 11111·
{wssmvmw
,11 ’1 m

111111· 14

871111, 11. Lirim,

mess

M .

81181911, 6

macelli 794,9
1111181681, 9
1111111111699, 9
a 1111111476, 8 Δ
1111111.
· „ahma 11, 1
mie· ¹9· ²· 349· 1
mltie 7⁶2) n· bil·
macrescit 741, 11
ΜΟ 5751 11 ’
ΝΜ 8471 7
1118111811.
mae 911, 1
1111111111 966, 19
maculis 919, 11
11111191111984, 8
1111111919, 8
811111191916. 991, 8, 11.
11111 ἒέ· 1⁷⁹* ¹¹

8

8111111111 999, 1

“animm

1111111

11188μωῖ7019 ’8808181416
11119919 995. 14119796. :aaz 11819418ιὲ169, 8, 971, 81
1 ⁸ 8 ⁸ 9 8

471, 4. 91 , 4, 919,11 111]111“1771,1

996, 8. ,4. 669, 9, 6. 1111111741849146189

9944 Ι 11111191. 19.1 11. 197,
1114441111111678,9 4971, 1. 981, 1.. 491,
1191111179, 1. 741, 9 19111. 497, 6. 997, 11.
1114911196 9, 11 699, 11. 719, 9. 741, 14.
1111111» 1111 ..111 30611....
magistrun 9119, 11 ’ matonam· 994, 2⁹)
111411191. 9. 197, 6. 171, 111111111111919, 1

1. 999, 9 991, 6. 941, 6. 1111816715.11111.βις.18,11.

9487 669, 4. 684, 11. 69, 9. 469, 1. 691,6

11111417 mla, 1111· ²⁰¹. 4· ⁸7 4·
ωψωωα mumspv
mfflmwmmmspmymwww
111411 ι118. 986. 1. 79199 1ο,8. 96, 9. 66911.
mmmwmn fimmmvwss
1111111911,9.691,7.814, 9 869, 1. 919, 1
111411161111189, 1 1111111111111869, 8
1111411141, 1. 98 ,11. 499, 11111, ἰ.9111199ο,7

9941111111. 171, 9941119199 32⁴an „m
11141191161681, 11 1111161116 4941 1

³· 11111111· 111
ωωώὼωῶῂψεψωῆὡώπν
3¹⁸³ ¹¹· ⁵²92 951616· ⁷⁶⁰! ¹³,
swffiwv4fflmflfflfflmw4ssbs
711, 8. 899, 9 1111111111811Τ1111988,1
1ψωω1Μ1ΜΜΜΜΨΛ
magno· 13,9. 191, 1. 9891 11111 1111111111 111811 , 9
11141111 111,4119, 1. 997, mill 111 1111111811αῇ, 9
141111111111ιῐο· 1111111641. ⁶
1111· 111» 1111611· 1111111111 6416
999,7. 669, 7. 889, 11 · 1111ὲ11111818, 9
1111911111 111114111,11.6ο1,ς 181Ιῖ11111749, 1
mgnum 114111 897, 4 mn 1111111111 1111111911, 11
11141111 499, 1. 991, 7. 688, 11111 tute 1111111691, 19
1, 9 111181111111686, 4

· 1117111119, 1. 891, 11 1111111111691, 1

111811111691, 9 111111ἑ1111717, 1
1111119, 1 1111199711. 467, 11. 919,
11171111411,6.894,11 · 1. 81
11171117, 6. 199, 41 141, 9. 1111111. 851, 8
,Μ1Μιη1ώωωι
4mmnmm½mwmmw¹
669,9,19.774, 16. 711, 1117111191
1. 891, 8 1111114991. 481,1. 996, 9.
111711911111111914, 8 641,4.691, 11
ψψῃῶηψωψωψιθ
98199 111111, vab. 998, 7. ,11.
1119111969, 7. 988,11. 618, ⁶04, 9. 611, 6
1.891,9 11111111,7.671,4 ·
1111111616, 9. 668, 11. 11111111911,11.711,10.

669, 11. 691, 6 ..⁸ss 4
1119111719, 9. 716, 11. 816, 9¹¹2 ¹¹
984119 411111117118178418141,

 

