“⁴1‘N'nssx

‚ 6661167767 Ι7, 86811. 916, 6. bis 3«. 996, 111, 98659. 441,
6611111111 999, 11 6111976,4 9. 16, 8. 7947466, 7,

immam 997, 11 6111611468,17’. 789,1 896, 9

6161616111 197, 1 61116661 118, 1 66 1611161487, 1

6161661661 776, 9 61116616· 989, 4 66 9499

Ι611116161797, 11 616166164, 4 6616 864, 6

6118911111 181, 8 6111611196, .·946, 16 661611 919,6.’ 976, 4

impare 491, 4 6111666 86738 1166666644, 9. 899, 11

6161711 1991 611161946, 1. Ι594, 1. 648, 6661666111 976,9

616661181Ιί189 .' 1. 891,1 66666661789, 1. 8699

611161166161796, 9 6111611694, 7 docentem 196, 1. 8199

6166611949, 6 6111116611, 1 66166161 489, 6

6111611698, 9 61116161 948, 6 · 66166646,6

1181611619, 1. 697, 9. 869, 6111611979, 1. 968,9“ · 661911 177, 51 848,16

’ 1161661196, 7 ὠὲι71ῗιῗι98ι9ξῐ19· 30⁴⁹ 6. gfflanvma'i'ssm

6111116764, 9 . 611166161 999, z , 666111966, 7

61811464,4,,619,1.6699. 1111161919, 19 ”“ docilis 194, 9. 991, 9. 6184

1867, 9. 8699 6161617469 ‘ 9. 6419

6186111761, 1 6111666 699, 9 11661111 propr. 816, 8

6166611494, 11 4111661191, 9 “ · 66611 186,1. 496,1.841,7

66116619148 divite 99496749. 799, 6. 6616661166171611116116·

distet 19,1 8986 8 4,8 11611164

616116 989711 6111161666969,9 66611419, 9
61616969167 4,1’ 61111661118,6 dofle 61161. 969, ς. ‘²024- '
6111676611 ,1 6111161484, ’8 681, 9. 818,1

86614161.997,14 61111116 999959. 78196. 896, δοῇ 991, 6. 899, 7. 64θρ

ἃ661111995,9 ’ 9-6
dimittam. 6 6111611616 749, 4 6611161978, 9. ’ 996, 6
6111166161 141,9 61111111 1448.1 996, 4. 694, 6661811661 996,9“
616669616617,9 1. 684, ς. 719, 9. 747, 6681618949
618611 978, 9 1 1166161989, 1
6111161791,’6 divitibus 994, 9. 997,7. 681, dodum 968, 6. 976,9
1111664994 ’ 4 8699ν 66661611,1.616,8
61114661 877, 9 61611111 161, 9. 648,1. 699, 66611161 979, 4. 816,11
Ι11116614194 11. 767,1 · 6661616671,1.966,11.9·14,
ditem 987, 16 divitis 994, 6.· 869, 11 1ο
61161Μ716611 96, 4 divitum 49ς, 1. 911, 9 1166161 6111674, 7
8111666681. 7 616111,11.61166178,1’ 666161 114, 4. 969, 3. 661,
61167616861967,1 61161 1811711411161, 71 4. 666, 8. 764, 7. 766,
4111619697. 9676. ς96,6. 418,1. 69916. 696, 8. 17. 891, 7. 67313
(76711 · 681, 9. 8796 1661619764. 8986
6111617116 6111111496, 1ο diurn· 769, 9Ι 896, 4 66661764. 1 ’
⁷ 111119, 1. 196, 1. 918, 7. 616166819, 4. 891,7 666611618, 9. 767, 41716,
949, 1.4’97, 11 61616618647 , 7.897,4 , = ’
Dive 986, 9 6116116699, 9 documentum 999, 10'
divellere ς88, 19 01166111, 9. 988, 9. 941,1 66111998, 16
divellet 161,1 ' divu22⁶7,‘1 ³ 6616111191
6166116161198,9 611616 979,’1 ’ 6616169119 9. 799,ς
611616 966, 1. 914, 7”. 866, 6116111948,4.“69’8,9. 697, 666666668881, 1
61111611 946, 16 - 61136111ς 66116. 696, 14. 766, 1616111ῗ71ΐ81. 'n’ ι·
6116116111 791,9 11 · 661616661911,1
diversum 869, 9. ¹849,3 1111616957. 4 dolenti· 787, 4
47441441. 119, 9. 161,6. 6111141616. 9991. 666, 6. 66161169, 9. 886,6
796,-9.116,1.991, 11. 684, 6. 776, 7. 811, 6. 661164991
⁴3²3: 1.· ,188 11 ⁹: 1881811... ..1, 118118.. ,1.
111. 944, 11. 941, 8. 611, ’4. 961, 16. 9161 antuman, 9
' 7. 6941. 68411. 771, 61111169, 7. 19711. 748, 6611661497,1

 

