iunii-x.

’ 1761 nm. 769, 9.“ 877, arbiter 674,ι 11111119161644
19 urbiterAdriae 17, 5 1111119099
, 1711191181ῐ4ῑ11401118,9 arbiter 91191111 919, ιο arcusopnnfitinfntibun 1811111
aptantur 455‚4 1111111110111111111 448, 6 3487
171111 749, 9 „binii 999, 6 110019811ἰο1 874, 8
aptari ¹94›4 1111ἱ11ἰσ147, 4, 647, 1. 691,7 audens 11, 5. 548,11
aptarit 634, 11 arbitrium 180, 9. 878, 7 audentem 500, 9. 914, 1
1711190, 4 urbinum 179, 9 ardentes 199, 9
1981011991 libor 54, 4, 9ο,6. 161),6, audentis 192,3
1711188811 645, 5 11800490, 1
1711016756 , 1111011 141, 6. 679,1 1161181911 ,
- 1711541 ..1011117514151 1111011548469, 19
aptum 90, 4. 816, 6. 8794 1611119854 ’1161111161 51915
17111 99, 5. 686,1. 76817· arboribus 95, 9. 991,6 1111010597, 1
, 8 56, 6 1160111186, 2 11161ιί1 114, ς. 159, 1. 9541
apud 959, 5 11601011108,4. 496, 1 1160111159, 11
Apulia 566,5 111101 198, 9 1161111199. 1585
8911110159, 849976 816160011610,8 ntea 510, 1. 771, 9
8701ἰο0111999, 1 1160111140, 5 111140, 1
1901119, 9. 447, 1. 567,4. 1111080 5844 116145
779, 5 arbuto 5, 8 81118700, 4
1501159. 158, 7. 1941. 1111010171,1 1111117146
911,4. 915,4. 960, 8. 1111511,1ο. 587,1, 649, 1101111106,1.11ο,1
979, 6. 439, 3. 4091. 14. 708,4 1111111160,10
567,61* 7999. 818, 5. 8111814116 11111147 ,4
74,7 110111146810. 478, 11. ,11111111 ,10
141111 60115091 691,1 616, 1 1111 510, 8. 801, 6
aquam 910, 1. 511, 9. 551, 1111111 iacun 448, 8 Argeo 171, 9
1. 557, 9. 690,6 1101111148, 5 1851061709, 4
Aquarius 509, 9 arcani 78, 5 ungenti 5117, 8. 547, 6. 646,
⁴ 19011141, 6. 965, 11. 446, 1101181081 9. 651, 9. 69111· 8¹¹·3
4.,841,7 11111011 917, 9. 811,7 1141110154, 4. 405,8. 519,
1901115999 111111 9,7 1 · ·
,1901111 9799 1100019 ,1 mentum 7191. mun.
8911110959, 9. 465, 7. 695, 1100117691 75910. 801,1. unsa
1·719‚4 11011179,5.151,1,416,6, 8141118410
Aquilone 471,4. 870,1 456. 4. 501, 5. 8546 argilla 856,8
Aquilonibus 17, 9. 185, 9. 1101161011 8,9 “ 1114116541. 865,9.881,4
191, 4. 877, 11 1101811851, 9 Argivi 910, 4
Aquinatem 779, 11 1101817491 Argivis 157, 1
141061 ida 914, 9 1111811846, 9 8190110111498, 6
aquosus 8111014861 11118101 6694 11400486, 5
14106111119101 156, 7 11101877, 11 Argo· 90, 4
111 0111118746 1188011748, 1 urguent 58, 1
1111011111 numianus mutum
111 cubis 111181 verbenis 405, 8111800110111699, 648791 arguit 468. 1
8 · = 81111711 106,1 1190811818, 6
, 811811195,9.711,6 11619096 “ 1190116055
Arabum 119, 1.197,5, 991, 11611111 145,1 1140111906, 7. 989, 1
6. 7691 1181 convivia 751, 5 11411101 161. 3
11111 991,1 1181641811, 10 1141011904. 6
arando 7⁶72· 11ᾶί81477, 5 11901111 790, 1
11111 7911,1 abio 895, 1 Aricini 867, l
1111656,1.819,1 . 81610 100,5 1116140,4.191,6
1111911,1.441,7.616,7 8168001146 :nmmum
11110110, 9· urcium 700, 8. 761, 11 1880191515.447,1.7οο,11
1111111418, 11 8161011141, 9 1118111490. 5
1111101191. 5088 1100886. 114, 5. Ab, 5. 811111111111447,8
1111101170,1. 8781 950,8. 990,·4. 491, 1. 1641951
1111817999 5041 Λη81101101911,4 ..

 

