Voemroauu Ommu'

44444644444, 4434, 444, 64666444 3463
3784,,3.79ς9 .- 1631338833

petum· dom ὁ gnus, 83 14443444, 7 Fusa
mae 7331 13143444933 en 31331333, 3.
3343413433, 3 1311338333, 4 1634331333 863, ⁸
3434313343 ³¹.¹’ 3, 3333. 8311333134 , 3434313778, 3
4434 3464 463 t 444 4 444, 4444444 444, 44
4444433463 4434, 6 wast .
346, 4, 444, 3 34443 3466444446 ,343464 4444
4 44, 666ἷῖἷ” 4’346444 444”,4 ’ 4444464444Ῐ·,14444
13143183933 34116333, 3 pepulere 70¹ 39 8434
41444346, 4 ,. 3464434466 . . 44446464 446 3
331333, 3. 344. 4333, 33111337, 34 3333113436, 33 ’ · ,
44146433, 444.,4 4166444634, 4444 4444444· 46,,,644,443,
338,4. 34 33. ,343433 3331434934 463. 4 83, 3, 3.,333
464464 3 4634, 4466444444 444444 ; 4 444 4446, 6 364,
444, 44, 44, 444, 4, 3466444444 46 4, 664,,,,44444644,3,
96944984146·’46Ξια. 3113333546 4,,644
’44464344 46, 44664446, ⁶³ 643, 4644, 4434444464, ,
633466 3377436, 8 perard uum232.5 „ -
444, 44 44664444,- -s 4444464346, 6
meatuum 3313334 374 8 .. , 3431134131433336
3314143138 38, 33 33114433 338 3 wamiam 1349333333, m.
44644446, 6346814444 436. 6464444 44 4 4444, 443, 464 03
341’3’44”33ἰἷ’133’33’“ι ³ {1122}ss 5 ’ ’ρξίιῖιὴευζξςῖ6
446444’4”4, 4, 4 6, ἰ’,ι 414, 4444444644 3444, 334, 3444444444, 444 6444, 44443444
4466,4,,44,4644,4, ,sum-⁵ 644644 64, 4466 ·
ms . , 3 7639 334331434313346Λ
161313143υή6338 344143314667, 7 344333114333131344733,ς
6444441636 mmmm 444 44444434 .
Ρ3446363464·4443 ⁶02³ 344644 444,4 444, 4, 444, 4446444644444444644,
..34ᾟέ „1:5.. 3113433444 ¹⁰ 44143444 364
4466634464, 44 64646668 mm 4643, 3:331225'22 444. 41.
34144443ῃο 407, 2. 3333. 36,8.3 863, 33
3466449364 434, 4, 644, 4, 6446, 4444644644
6666446496 - 6444 3446446444
66641147 337, 2 Penelope689‚ 44 3346114386, 438, 10
16343143 105 3498, 3 1643313343 73,, 8, 393, 6. 333 stum 377 8
41384, 3 689, 3 3334333363 Gom .
383, 9. 368, 3. .733, 1633313333738, 3 peraget 673 3
4 3333346646. 878,7 3443434733, 33 ,
3494433333 33333331 13333, 3 864,ι 333431414184333, 33
manhu· 44343 734 penetramus 378 8 perambulat 843
444444 4446 4446464464, 664, sam· 3444444464 4644 sm
mmffluffi⁶5¹ss mmm⁷
pennns55,6. 333, 3. 348, 333444346334,3,33343ὡ13ω
3 33339334113338318
3343333337, 34. 836, 3 percontare 769 5
4 334313 33, 7. 366, 3. 859, 34344344463333834, u

8 Μὴ,

 

