vocnnnnnnnn Onnnwnil

14111116611117,7 6618119171 sodali· 691,7
6461117846 611111611161466,16.647,6 1111111111 17425
1171111661 877, 7 6111 768, 11. 616, 7. 611,1. 101111 89116· 1191761, ς.
1171117196 677, 7. 699. n 798, 8. 911, 7
1111111 71, 7. 768, 7. 767, 7, 61111118, 2. 677, 6 161186, 4. 776, ιο. 786,1.
1111111641, 7 81666116 761, 4 , 419, ιο, 461. 6. 497, 7.
6916117166 11116 867,9 sinneffinun 749,1 781, ι. 816,ι
signnm 111611 911, 1 finum 447, 9 1611191161 796, 6. difflui,
1111161797, 1 finus 746, 16. 466, 9. 771, ibid·
nien 696,8 6 1611466, 7. 7741
11111111 668, ’9 ⁸ §malz-lum 16186116157661ῗ 16 ’
6116116161,7.148,7, 767, 8116667779 16111111167,7

⁸ - 1·116.4·111.1.111.1· 1111116414
blentina 448,·7. 471, 7, 776, 9. 7 7, 11. 618, 8. 1611161841,7

46318 647, 7. 6 7, 7. 774,1 1611167187
8116661897, 11 8116166781, 7 4 16166111 688, 6
16119611 841, 7 iser 714, 4 soie 116, 7. 77414. 777, 7,
111111. 3 81611111 111. 1· 411. 11· 141. 1· 111. 1. 1161

silva, vide syin 777, 7. 641, ι 111119111111. 741, 1. 716, 8.
11111776, 16. 714, 8 fitae 461, ιο

6161117614. 555, 7, 647, Sithonii 747, 1
11. 648, ς 8118661177, 1
iimiiern 768, 4. 711, 5, 764, 6111616111 479, 6

1. 644, 1 611111 711, 11 solenne 817, 6

61111161 617, 7 61161 176,6.416, 7. 866,6 solennia 777, 1·1839’ ⁹

661111 784, 9. 741, 7. 869, 6111111111.αιι7611118ιι,7 solenni· 467, ι
6 . 61117184 1111111776, 4. 716, 7. 817,
. 6111111191, 1. 744, 1. 7177. 616 779,1 17
5 7969691974 6166,617111.677,1.196,ι 1611716, 17 , .

· · 111111 111. 2· 111. 1
6161 1711 796,4 1616,1.171116717,8
Ε11111 71⁸7· ⁸54» ⁶ s⁰¹⁶⁸s W 1· ⁶93, ⁶
1611198, 7. 641, 8

16116861 474, 6. 481, 7. 816,

6161111661 864, 7 111111, i, squalor 864, 7
1161161661, 7

Simoin 474, 4
8161611897, ιι 1617111776, 7
simplex 17, 7. 777. 7. 676, 1616116497, ιι

7. 671, 1. 678, 7. 869, 7. 16116111 7011 8· 374, 1

91, ι 16111111 189, 4. 678, 4 1611111676, 7
667111866161877, ι 16111879, 7 1611167, 7. ⁶20, 4
simplice· 187, 1 focco 816, 9. 886, 1 solidum 666, 6

simplici 144, 71 416, 8 1111116688, 7 16116 177, 1

8114111161 776, 7 1661161111 168, 7 1611471111. «isai. 3 5, 1. 91, 1.
1116611111 1744 1661111111 198,Ι 1. 714, 7. 811, 746, 7. qam ,
18161116111877, 7 7 16111771, 11. 867, 9
1111111111 874, 10 8618111181 89ς,6 inliti 779, 6. 619, 9. 661

1111111111 768, 1 1661111111 798, 9

6166111816, 1 1661171. 7 1111111176, 9

fin 749, 1 16611777, 7. 778, ι. 847,ι inlitum 2¹, 17. 786, ς
sinas 14, 1 , 10810 8411 4 ‘olim' 5 ¹ 11 9· 5771 18185116
6616616777. n. 746, 9 1611111771. 9 1611616866, 7
fine, 661. 861, 6, 866, ι 16161119, 7 1111111111 111. 1
6616166171 Socratica 900‚4 11111161147191, 17 ·
7441111777, 7. 796. 4. 616, Socraticam 114, 9 16111111116774, 8 ’
476617 87917 8867 8666611717. 8 16111611141611. 700, 7
1111711161 198, 4 1611111167, 7. 179, 7 sollicitas, verb, 4¹3³ 4
6671111111 777. 1 16111199, 7. 717, 4 sollicitat 242, 2. 62¹7, 7
6646161776, 14 161111861176. 1. 7941. 616, 1611111111767, 9. 779, 4
1161111110, 8 1. 764,17 sollicito 871, 8

..7811 inni·

 

