--11111

μωωῒ

1311111513, 16. 651, 13. 31ο,1
jaculo 36, 4 ’

ignaru ις ,6. 599, 1. 841, 4

1 jam, idest, deinceps 381, 3. 1391116356

1311191399, 5. 849,8

1311168361

{amusim

9311111 453,1

11111.

1311111131,4

1311111311

iguem 61111114 311619 664, 9

ignem 18, 11. 19,1. 345, ro

ignes 44, 1. 55, 1. 148, 4.
²552 7· ³7¹s'l· 4¹7» 4·
ms mmwm⁶

anurn 411, 6. 649, 5. 814, igni 19, 3. 118,1

, ι’ 85619

1111111..

{aucti 18,19
mmm

119311 346,11
ulonem439,2
mmm

lberi718,4 ,

1616144911

1811111385,1.419,1

1691614491

1611611419 Ι

161161581,1

1611111615,3

lfflmm

11111183,8

1111111 5.1

lter0236,6

11111131. 389,1

1611384,1. 387, ς ignosco 531,1ο

mmm iwmwmmssm

ieto 615,8 1411911 491,1- ,

16111186, 1. 319, 3 ignotis §⁴⁰24

illum 113,1. 319, 3. 399,6 1419196633

11611111, 6. 491,6 895,1 ignotos 539, 5. 511,4

Μ9ηωω16ξωωψψψῶ

1699155913 9191911153 .

lde 31414 ignouisse 365, 19. 993,6

16111615 11116111 815, 5. bis

idibus 433, 3. 536, 1

Idomeneus 491, 3

1119111634, 11. 991, 5

idoneum 363,7 ,

11911111331. 341,Ι 1. 759,
mmmmm

11111 496,8

· jetur 33, 4. 98, 6. 165, 9.
14149111111
711,6. 814,,14

jejunae 446, 1 ilicet 331, 3. 465,8

jejunia 666, 6 iligen 636, 1

jejunis dentibus acer 858‚4 llio 44, 1. 66, 3. 319,4.

3813. 466,3

4

Ι 4⁰82 5

er, id est, Ριιιιὸ Ρ0ιὶ 1⁶8s 31
5. 119,1. 391,1

11116111 895, 1

1111619 63, 3. 869,1

iambo 839, 1

iambos 70, 4. 435, 3. 819, 11

11116111 894, 11

June 694, 1. 8οο,3

3111191196, 1. 393,4

janitorem 396, 5

3119193,4.199,11. 191, 5.

181, 3. 319,1. 451,1

,9Μ6ψψψβ
ignium 411,4

ignobile 39,8
ignobilis 865, 3
ignominiosa 894, 3
ignoras 532, 9
1599111361,1. 838, 3
1419111895, 19
ignores 383, 3'
14191839311 r
ignoscas 555,1
ignoscat 533, 1
ignoscent 543,3
131969111865, 8

ignosces 598, 5 ·
14196ιί1839, 11

iles 381, 7. 4771 6· 79⁶· 9
’ 1111438,1.716.6·72613
mmmmmwm
mffiis ¹
111119173712 ”
111191111111111188314
1111197148816149913
ilice 433. 1. 48511
867668130335

3139111616, 6

 

1411166,6.69,1.165,8.436,

11911519 6615384366
11191111 643, 13 ’
11191491, 1

ilithy'a 4971 6 ’

1111611111 159, 6

· illccrymabrlern 195,5

111111911161111491, 1
illacrymet 691, 5
illapsus 111, 8
1111491191311, 1
illecebris 891, 6
881171666371 2
111111111547, 14
illidere 619, 3
11115111 418, 11
illisorum 195, 1
illigartum 439, 1

mmffimwwmuffimm

illinere 559, 8
illinet 369, 8
illitum 499, 6
illius, nediu longa 698, 3 ’
illota 681, 1
illucere 319, 19
illudit 643, 3
1119119355, ro
illum ipsum 693, 3
illm 311, 1
iuuene 416, 1

“ 11111611149111. 693,8

1119111314, 9
1111191318, ro

Illyricis 119. 1 ,

lma 119,1. 531, 1. 633,11

imagine 546, 11. 599, 7. 7611
11

ξωψψψωω

1111419196, 1

imaginibus 531, 6

ufflmvuffiwd
6

imbecilla 631, 1ο

inbecillus 796, 13

imbelle 363, 11

imbellem 379, 1

imbelli 64, 4

imbellis 13, 3. 146,11. 418,1

imber 359, 3. 788,16

1161169838, 1

imberbis 883, 9

imbrem, 3 i

imbres 31, 4. 184, 1. 366, ς.
4831 7· 47111· 791, ¹·
813, 11

imbrem 635, 6

imbri 568, 2

imbribus 486, 1

imbrium 346, ’1

imbuerit 991, 1

1111115811

inim

