8

vocantem 0111111118.

, ὶ1181111316111 “ 493. 844 118611181719
8141811374. ιι. 3938 81137, 9 1111111336 ιι. 831. 81
1118418111911181444.1 8118111337, 3
8118811861493 61164137. 8116, 111131134178

8188181484,11187 111114 8111111111
1111111774 οοο814’3, 1. 8327, 3. 6ο1,3 11111698 698,7

8811811 14811311 1 1111613ο8 ,3 111 41119,
811881117343. 368,8.789,11 ω81ο,8’. 891. 3 111111386, 1. 8179
81883111,611,1181,1841,8 81188141 1
-81118113139 336,3. 371. 1811111493, 11 111111171,1.418,77,733,7
· 86113. 739,6 ..74ο 13 lanienam, 11161113738
8118881697. 118ο7, ιο. 891, 1181111485 11161813. 319
11111411,9.7.141.11 1ὀ”4’4’”3’.’6’1ἰο.9. 111, 3. 1611666661 ”’ ””’
11118117οο,19 168, 7. 734, 4 11411141 1 ,
8111813793 383. 9 311111 19 11. 166. 4. 444, 881183.1.1’1ο,.8147,.63ο’37
818118,11111.ι111,1ο11ο. 14818 411, 1,,1111· 17744.,41111, 111, u
811616116οῇ61,37461’8’6.’3’.177,3.363.1.691,’9’3’,’4’.8’7”,’;”
Ι1111181761, .’788, 4. 8786 411, 3. 460, 3 1111 1111111697 7
11118411316]ο11441,1.118.1.119.4. 6111111111 33 4
Auis-nos, 3 111.3.1,9ο ι.13ο,3.1841111111336,3
mum 11611411111,14,11111111414,111.1
fidium, 3 397,9. 433,7. 49311. 8111118161
81166111394. 316. 3. 338, 4993. 81413 1111111471. 1

· 8791. 48667 , ,11478491111116 16111116831

81118811 34411 146 ,8. 187 ,4. 411. ιο. 1161117637

818161188111711, 119’7,,181’.’,4 717, 7 7111811188
7115173131, 66 ’,23 ² mul· 1 5⁰5⁰ 40089138
3111111ᾋ191 8 · ιη811ο111118116741 ι 6164166 7. 683, 8 “
8148788888ιὲ 81688.ἒῖ 8³43? 13687ἒῖ8 ,18616 ·
8111111617,4.711,3 , 811111811717, 141881 7 161616143813,8 ⁶⁰02ss
holmum 81168, 4. 69. 7. 337,3. 3.,11611114771 3
8111141134, 3 ‚ 74ο,14.841,ι 7161 nte 313 6
8111118716. ιο - 8111144816 466, 3. 813. 3161111113, 3
1ᾞ1’1ὀ’6”’1’. 16 1116116”ο’ 16” ’7 16616””1”’1’.”6ι’1 648. te
11141, 86 544161
1411114141 8111133, 1. 747, 6 6893
11111114331.491,4. 391, instat 768. 9 3161111 3777
866, 8118188 8.18 7 3161181783, 1
1 11111111116116668681118118 1666616616 1111, 4494. ,11 ’
8111ο1111114ο4. 3 811616631 86.,1 9,7 3,.13 76
81111111337.136 1111ο4317,789ο,6 86ο. 6. 9ιο. 3
. 81161168966 811111143ι,1. 633. 8. 713, jubetur 766 1
6118811, 11 1,,111 114, ⁶8 8,Ι 1 8111111411,1,441,1,,818
1166116868 ⁷¹⁶⁷ ”’ζ”411”1”1’ἶ’ς’,ἰ’.6;1’ ...1111951754 .
8111618313. 1 4. 848, 17.88ο, 1 1111861433, 9
861131881, ιο 16171111 113 1111814 7⁶¹»,
8ο 37ο, 13,14.463, 1, 3. 811181111111666,ἰ 3 1118ο361. 8
913,9811116116138,3 4411161779 ,1
81 triumphe. 1688. inamabilem, 13 1111811 33,8
111111· · a 1111·
311111339139873811 111131111614, 3 4181111368, 7

116. 919776. .391,6 81186118ο8,4 y 31811131 ιο 4ο3 ...6114

3 858114 8111116111 883. 711. 7. 746. ι. 33, 11

³²⁵⁶ ⁵ 17 ..1411

 

