⁸ '⁰¹ 5777 7· 9677 2

VoeAssuLonuu'OMN1UMJ

fflwmwmwuaemmm4
747,10. 8041. 910, 07170168, 7. 187, 7. 477,

4Μ6Μ1Μ

77 sffmmwwwwmtmvm
Ι.

1776· 63577’ 66377·

volitant 784,ς . 78717

7010 771, 16
volubiles 765, 11
volubilis 779, 11
volucrem 128, 7. 76710
14101117 786, 4
70101177111,7. 771,1.414, 701761· 70674· 73377·
9Ῑ7
volvens 677, 11 urbe· 71176· ι1575· 2⁶², 6·
101710171776,8 380, 2. 36676· 46076·
ωπψμωῳ.ωψψώωώ
006 76836ύ
707011001707, 5 ”fb‘355250 41671· 79676·
volui 647, 7. 814,7 6417 6
mffiwff wammffm,
707071 196, 2. 647, 6 Q ·
volvitur417,5 , ῃ1611371175· 701716· 7707
volumina 784, 1870, 7 57 7367 9· 61675
volumus 744, 17 8661661 3107 5· 3367 ¹· 374,
volunt 817, 7. 901,4 ’
voluntas 107, 7
10107111 711. 9. 617, 7. 778,
9. 848,1. 867,14
voluptas empta 607011 740,
10 ·
voluptates 740, 10
voluptatis taust 902,9
vomere 7071, 779, 74
70011104768 ·
87011007 79777
vortices 167, 1
10167071. 8989
vos plaudite 887, 7
1011771, 6. 798, 7. 411,
7· 45677

5007 ¹· 507,1. 571777

0161476, 8 ’
011101874, 11

7711011774, 3
0111601794, 11

0111114904

· 0110117669
01111407. 6. 777, 11
011141 788, 6. 476, 4⁸
fflffiffiffffsss
urge 690, 14. 674, 7
urgendo 188, 1

1 7117101677

urgtntur4oz, 1

017111 680, 4. 911, 7

voti compos 878, 11 urgeris 547, 1

‘votis 781,1.778,1. 78717. 01117 185, 6. 117, 4. 788,

4914. 50071. 7081. ¹3

118771.

⁵ ⁸ 1

00070117, 11

073117, 1. 80, 3. 55' 528, 4.
776, 8. 81811

01111 161,1. 141,1. 176, 8.
Μῶψώψη

urnam 617, 9. 6971

’ᾙῇ6ω7

ursum 848,1

01701485, 7. 914, 8

urtica 780‚8

⁶92. 1. 6987 10
votiva 14, 6. 616, ς. 747,7
votivam 117, 4
voto 767,1. 740,11, 789,
12
1010111777, 1
1010117471
voveram 285, 6

, 0110101486, 7
0161111787, ι,
urbana· 771, 1
urbani 601, 5

011100 891, 11 7761711177, 1
urbanum 710, 6 0611117 470, 9

urbanus 771, 4. 609,4. 707, usquam 199, 4. 50714. 616,

¹4· 59372

usque 6017007887, 1

01611118,4. 19, 4. 176, 4· 6681166676 4619 W
467,10.481,7. 41771. 01900077631111011 ,7.

48410. 610,1. 70’ 10

591, 7. 592, 12. 600,1. usque qui 867, 11
07404177 est, semper 78, 6.

185,1. 760, 4, 780, 7. “
4272 9· 493‚6. Mu·

77879· 903213 ,
usque luperque 401111 [111118

⁸ 522, 4

1711111171, 7
usti· 461, 1
usto 466, 7 .

usu 177, 7
01007101, 1. 101, 4. 711,

vmwwmm
12
07017111.71777.144,7.177,7.
779, 7. 700,1. 1804.
878, 8. 864, 6. 86619.
868,1. 878,6
usus particip. 771, 10. 795,
10 ’
7717.7401010780,1. 4187.
017767787707401111447, 1.
457,7. 48611. 676, 7.
mwffi9
01,π7,;,270171197;60117744 ξ, 9.
7 ⁰ 1 · 7 0
7ι437λ8
01, 7, e. 0 quam 741, 1. 471,
ΗΜ
01, i. 1. 1116111471, 4. 477,
1, 6784 ,
01, i. 187170111615, 8
01, ἱ. c. tanqmm, 171. 4.
444, 9. 717,1. 671,1,7ι’7·
ut, proquomod0‚ vc! (4011110111
mmmm
ut, ι’. e. 110 11011 618, 8
07 aiunt 776, 1. 764, 4. 804,
8. 876, 7
01 cuique est 11111777, 7
01618774
17117111761,9.767,11
01 lubet 647, 11
01707717 760, 1
0170170001 543. 6
0101101746,1ο
01 melius 47,1. 719,1
ut multo suavius 717,7
01

 

