111111191111011111. ’

caducum 199, 6 11111911840, 7
11191199911. 910,1. 411, calcandi 1091 2

9. 867, 4 calcar 851, 4
1111111877, 9 calce 618, 9
1111111405, 4 calceus 559, 8. 774, 15
(11111, 110111 ’ caldior 59 9, 9
ffiffissjff⁶⁴³² 3118ῗέ11..
0111Ιὶ111894, 9 011191119, 4
1111191516, 1 01111111 598, 1
11191947, ι calendis 185, 1. 437, 4
0111181199, ι. 714, ιο Caleno 84, 7
011111114111111111. ‘ssew ¹73, ς .

3. 460, 1· 464. 19 calentes 216, 4
11111111 594, 5. 641, 19 calentis 468, 8
mmm 1111· 1116
1111111 1199161178, 9 1111111, 7. 646, 5. 840, 1
cecus furor 457, 1 Calibus 419, 8
1111111151, 7 calicem 181, 6

11111941, 4 calices 699, 5. 716, 11. 759, 11111698, 9

endem, 1· 111. 7· 1111 s
1111611549, 6 1111111 9 50, 19

1164111117116811110. (1141111111 11114· 860.
ι
0111111997, 1 111115911111591, 4
1111116544 , caliginosa 955, 10
1111111907, 4 canemus 896, 7
taedimur 861, ιο callet 403. 17 ’
1111119861, 5 callida 194, 6, 876, 9
1111111149, 3 1111111997, ι
1191181959, 1 callidum 49, ι. 118, ιο
1111781, 5 0111111111 641, 3. 711, 7
(311ιί111118 758, 7 0119111916, 1
Ὁ1111091158, ι
, 1 callosa 671, 1
888496, 4 11191191111790, 1
Cesar 14,ι. 140, 7. 794, 9. calones 577,.17
411, 1. 590, 4, ἃ1. 11191760, 9
011111 55, 6. 88,1. 995, 8. 1119111499, 9
1311185388 ἷζε, 81311ῗίἐῖ ¹³
. ‚ .
8. 3⁸4· 2. 4⁶²·ss ' 1111191911
ε1111111164, 9 camelo 849, 9
Caesari· 19, 4. 17, 4. 95, 9. 01119159, 1. 714, ι
186, 8. 195, 6. 94ο, 9. .0111111111118,6.159,11.789,
⁴²⁶! 1· 464, 11, 111. 9. 799, 4. 616,1.819,4,
0111111814ώὶ 859, 6 818, 5. 896, 8
11111511, ι. 914, 3 0111111111 501, 1
1119111181 916, 1 1111111664, 6
8181111111161111111· 01111111 111. 1
11414. 507, 9, etc. 0111111191 54, 1
“m , 1111110566, 9. 669,8
“mim 77823
6111111111, 1101111111
0111111111111111
1 &mmmmm
0111111101
0117119561,1
campanum 584, 7
1111911111 7781

1111708111994, 1

campestria ⁸³3· 11 ι

911111811915, 9

1111141 7115111181 743, 1

1.911,9111’1. 96911. 887,
ιο

11111711 99, ς. 141, ιο. 187.
4. 188, 6. 195, 5. 919, 6.
1111111611 =

1111111111· 111. ,⁶- 6111
1161111161. ww.

1111791167, 6. 196,,9
9111711195, 1. 149, 6

campus 90, 6. 40, 2· 153. 2
1111811111 conspuet 81711 68 9,
1111111141, ι. 370, ²¹· ‘7¹’

9

candem 419, .¹ 1
audente 794, ιο
1111819111 11, 1
11111111111111. 1
canderet 791, 16 2.
9111111189, 1. 469, ¹3

, 11111ἰά11949, 9

11111511111151161118·
741 ¹

candidi 1819

candidiores 561, 5
1191111997, ιο

11111119 964, 11
1101160158,4 ’
candidum 98, 1. 4986 ¹
11111119111191111111 468, 5
1111111111 759, 9. 856,4 ·
‘²¹¹⁸ 48819

cane 1119111 &angue 8ος, 9
11111111195

canem 585, 11. 819, 8

’1111911414 5

1191119194, 4. 687, ιο

1111111111990,8 7. 461, 8 Ι

9111111165, 1

1111911111, 448,14. 589,
7· 8¹³, 1

11911856, 9

1191811488, 7. 701,8. 887,

10
01911111 1111111685, 9
canicule 75, ς. 302, 9
08ῧῖὣῖ 4381 5· 445» 5· 4⁴8,
4· 4⁸8³ ἵ· ⁶¹72 ¹⁰· 7⁸⁰»
canidiae 591, 4
0119181111 588, ιο

ww& 17114444

 

