² 89911919196 011194

80691118ἆωῖ8858,7
69911111 rebus 759, 5 1491114 586, 5
honesto 891, ιι 69119 495, 4. 671, 4 · v
69911191 577, to¹ rbi 1111 Ing. 691191 599, «ι. 641, 4
99111191 . 6911111691,1
honestum 495, 5. 574, 8. 1191711151,7.565,7.699,1.
575, 9. 811,4 655, 5. 671, 8. 561, 5.
199814991θ11 199·94979.4
1661981 914819941
6999111991881, 6 11919111 181, 5
6999111111 794, ς hospitale 491, 4
6911111847, 9. 867, 4. 8766 111197111111 169, 9
1111191119.1·111.ς· ⁴⁶7· 1961191189 ,
9· 548, 7. 571, 8. 574, ro. 61191111 169,1. 459, 1
877, 7 hospitibus 466, 11
honoret 71, 1. mm. 149, hospitii 799, 9
tmawmrwmhwmffin
719, 5. 81911. 861,1 11119116 199, 9
6919114111116111168919 119111774, 19. 794, 9
6911911887, 15 6911191 11, 11. 976, 6. 5994
696941419799 6111969
honoris 894, 9 691111177,1. 896, 4
6999196794. 415,7 11911851, 9
1199911999. 57619. 817, 69111181, 1. 771, 1
1. 878, 4 1111111159, 19
691149,4.·117, 11. 991, 9. 6916911146, 1
mffimrmrfflwmt
546, 4. 558,1. 1117478 69111179, 1
hora 111, 5188, 9. 596, 6. hostiles 448, 9
817, 9. 867, 19 hostili more 814, 4
hortm 697,11. 711, 6. 791, hostilium 461, 9
5. 7819, 189. 76441. 778, 1191111161ξέ, 3. 454, 111464,
horu 19997, 9. 794, 4. 848,4 691119916591. afim. 947,
1101111. goir. 991, 4 1. 417, 1
1191111111 787, 1 61111191 511, 5. 648, 1. 889,
1101819. 14 64811· 7911 4· 797. 19
111111199. 4191· 1911 11991199169 ,
1191111868, 9 6919199599. 869, 1
Muri· 7191. 4164 6911119116 451, 8. 6996
1914111154, 6 6991194169, 13
horrendam 417, 7. 669, 19 611111119611 881, 1
1911961511, 11 humanit 11611719, ro
horrendus 688, 3 humanos 1595. 588, 6
horrentia 614,.9 · humanarum, 9.
101119 4, 4. 954, 5 1119111654, 8
tht mmm2‚
horrescis 188‚3 6991191191, 9. 164, 4.
99441961111 49.1991·641
⁸05· 8. 89911. 811,5 567, 5. 697, 12
6911111111119,4.191,8.54ι,9 humerum, 8. ςῐο, 5
1188111196. 9. 118, 5. 169,1. humeros 11,1.58, 5. 176, 5.
101111 1113814 ’ m 1110616111· 144. 9
horridis 465, 3 humescit 699, 7
horridus 715, 9. 844, 7 1191111171,6.671, 9. 875, 6
horruerim 591, 1 6911111479, ro
humilem 115, 5. 859, 8
hwile-rw

'mmmm1

x
ι

hostmluf 553, 7
11018811 858, 10
1011881179. 8 ·

humili· 141, 6. 159, 7 ’
humo 1111411671, 9
humor-st. 11. 58, 1
humum 148, 1. 964, 11,
4171 ¹²· 44613· 8561 S·

88991818171891» 3
6911191485, 8

111111εεί114 598, ς
1171111117, 4

1111111191 819. 1

r 6761111499, 4

67611911685, 11
hyberno 0⁶0, 1
hybernum 411. 8 784. 1
1119911411. ⁷· 411. t
hybrida, 71161161
11111119 81. 49114. 1 ’
1171111781, 11
6761191818, 8
hydropicus 799, 4.
hydropa 156, 5

hyemat 617, 7

, 1171111147, 1. 66, 5. 199,1.

84113· 77²›Jl =
67111111 861, 7
hyemis 99, 9
6711111 20, 6995, fi. 519, 6,

7 1, 1
Η71Ξ11111 8951 2
Hymettia 619, 1
Hymettiae 114, 9
Hymetto 171, 4 .
117711691991196, 9
1179111516, 2

, J.

Aetatem 141, ς. 591, n

71119191 191, 8
71119 589, 4
1188194811 ¹· ⁴59, ²
jaceret, perpulr. 19ῃί 714, 7
jacere, 7111161491 669, 8
71111571, 6
7161111191 797, 7
7161911611596, 5
jactantior 595, 6
11811166. 5199. 6751
7161111581, 4
7161111111 119. 9
71611191 649, 16

71611191 615, 5
71611961777, 11

71111161, 4
716111 147, 1

711961191116, 9
jaculari 991, 5 μ
1119111741, (a 7699. 8791 7166668737 8

71111111 .

 

