·46664

6616166466,4144 4 66466644, 4· m 44444 6611676146, ιο
Ι46144114 394, 9. 866, 3 &oneris 344, 4 ’ 46114444 346, 4
4614814494. 4. 744, 44 coge· 864, n 4611474114 3, 4
66114464664764, ww 6616414444 -
44 toz! 446, 6, 1448 ’ 66116644· 446, ς, 4446,
Coelum mmprop, m, (0311661168, 1 7463, Ι
4611144774. u* 46411496, 9. 7683. 373, collibuisset 376,6
celibis 686, 6 46 776, 4 . collibus 384, 3
4618644481, 4 46414, 7464611714 646, 4 4611144644, 44, 644, 4
4616 34, 3. 474, 4. 484, 7. cogitat 746, 3. 887, 3 . 46114414 786, 4
477, 7. 466, 4. 336, 4. cogitet 494, 4 . colligit 677, 46. 8878
444, 6, 444, 1· 446, 2· 66466664, 4· 646, 14 » 6611166644
444, J· 467. s· 447, 7, 6646465444, ¹· ,6611644644 .
6464 6616466 644, 64 · «61166466, 4464, 6646
6616444493. 47, ιο. 447, 46464464667863ηι 66116α44493,46

6. 450, ¹5· 47⁸» 1. 7⁶⁶· (6364464347, 3.,669, 7 colludere 887, 7

3, 934,4 cognitur sm . 4611644749,46.387,7.ῃ1,
celum non 4441444446 779, 4 cognomen 3 6,» 4. 669, 4,

4664643484 . 644, 6. 4137
coempta 664, 4 cognomine 863, 3
4644447414 464, 4 4676614644 874, 4

ωοωρ4ο4444,8 - 46364 447, 3 colonum 673,4

una 579, 3. 760, n. 701, cohaeretbm 691, 9 66166444 171, 1, 616, γ

47. 743, 4. 734, 7. 886, 6614466876 061671647767 .

2· 4ος. 6 ί6116666446, 4 · ε616644, 4, 444, 4 4444
466466614674,4 v 4614114464 466 4, 466, 3. 444, 4. 476, 444. ⁴¹92?-
4644144414 786, 6 674, 4 · 648, 8. 863, 4
4444441444 754,ss · 6011111111 854, · 6111644167, 4. 461, 4
macula 733, 4 ’ cohibenti· 346. s 6616444 476, 4, 7 37, 44. m,
coenae 734. 7. 699, 4 cohibete 366, 4 4. 879, 9
canam 466, 4. 763, 47 cohibet 7, 4 6616τὶ897, 9
tammus 746, 7 cohors 49, 3· 474, 6. 486, coloribus 393, 4. 744, 4
4644444363,6.366,3-146,4 8. 747, 4 4616643966 .
8818114116* 81381846.. 818166·

1 ’ 5 0
{22:33³555fzfsszf. ᾙῖἕῖξῇ. ’ἔξῖἰξὶἵὶζῗξ
4644446471. 76 . 44 4664489473 ·46164411774,4
464444 738, ι. ς167, 9 Coi· 347, 4 columbino 677, 46
4644464668,7 , 46147347 · columbityfi
4644444666, 4, 0614144 3844 (6166464496 ,
4644448433 colchi· 199,3 · ¹· ’66166414437 -

. 6644144449, 4. ⁷¹¹»9 04141146446,4,446,6 -4616416464744
6666464464 766,4 06141414 486,6 4616444644 443,4
4674414 636, 4. 143, 4 0441614646.16141444 colunt 848, 3
ceperunt 540, 4. 386, 44 cotem 431, 4, m, 4 <cont 16, u„ 7444
4671597, 8 4614411493. 4 comt 373, 7. 774, 6. qq,
46714393, 7. 6643. 7346114364 · 3 -

9· 744. 4. 828, 46, 844. conju 61. 4 »mmmm 444, 8· 764,

8. 843, 4. 838, 44174, 46144437, 4 ⁸, 4. 469, 13

44. 894, 6 ’ 46114493, 8. 746, 46 464444 7346. 8444, 4
46144444 4647 4611444439, 46 , > ,4644116644 m. 4
46146444434743. 3474 4411648737 4444464164764,9
4614444 449, 4. 3747, ι6. 316, collaudem 373, 46 erimantum

3. 633, 44 64114866, 41 Ι4644444 469, 7. 784, ιο. 448,
46144614 898, 44 ’ 66114114 7448773, 7, 831, ¹ . 336, 4. ,154 m,
6444644484 ⁴. 4 ‘ 17449, ,ιι “9-
46744834,3 comam, 2* “ 4·
4447447374 «4414446347, communit 687, 44
*666111656144 ι *collega 774, 4· · , -46641146463636 .=

m

 

