Voenutoi'tm' 0111111111 .

¹ Ν,9, “ ΙΙ6977117..79197077,699,9- 16106141879,9811,86,996,

ιὶἷῗῗ ,ἔιῑ 1. 1,, 611161· 16636, 7161,

lemn-en, 2¹1, ²· 1161, 16171, 1611666· 114, ¹· 903, 4
499, n. ς40,1. 617, 9. 11610101,6,111, 5 6611.,1117.ς7,1.71,,4.
1111661166 1117111116

11101,’1101.816, 8 laestrygoni: 911, 9 1161971171, 51,4.’ 61, 1, 1103,

10111689,1.761,1 1661139911 6917919981. 591, 3,

10110176. 610, 3. 811,11 1061014799 8184, 818,9

61166111616016· 3161 7976169· 641, ¹0 6661461, 11761, ¹¹· ⁸¹0·
ὀ , 110 1,

1511100163 99767 . 1116119. ἑ 1091100, 3. 1161911νί111 Onu!

1011910171 416, 1 701, 8 liber: 416, ¹3

lesit ⁶02, ,1 16661766 110, t· 46611 16701114, 1

10116016869, 11, 896,7 11166111 51,7 136611139910

legum 506, 4, 620, 7 1111611111οω 856, 10 11601176, 4. 419, 7

¹ 1111111ὲ1ε7ο, 117 11111111811,11 1161114919
1011117411 11116111468,14 11611101 800, 17

¹²¹² ς, 1, ¹⁶²2 ¹· 1161, ’0691161471614617 66166171, 1, 717, 2
999,1,679,9.799,9 1611111666,7.691,1 . 11661013 ς,169,9

mmm 10111111 117, 1 1161101861

¹⁶¹²? 114, 1, 671, ς, 714, ι’ ¹²v2t 3⁶⁸» ⁹· 1061 66661414, ς· 414, ς
1131111777, 1 lemn 842, 11 1161111101 441, 4. 769, 2
1111611813, 1 levato 474, 8 1161111611 809, 1

leniet ⁶23· 4 111177νί1711νωὶ 847, 5 libem 519, 19

lenimen 124, ς leves prim Im 710, 9 liberm 809, 8. 849, 6. 897,6
11111131, 2. 871,1 1111111445, 706, 11 1161711111 9499, 7979774, ¹!

1111114914. 717, 6. 907, ς 10111,911’111’10171’11,9.196,4 libertina 116, 7. 476, 7
lenit, 111471, 96, 9. 141, 8. 917, 11111,711’171117101’6,6. 17, ¹3· 1160110110111 511, 7
Ιεῐι77417, ⁸¹· 1661, 11611 779 97913641· 111, ⁶· 6679701661· 174, 6, 7,
imitemin levet 7681 ⁸ 1160111101 669, 5, 7046
6466111161· 666, ⁶· 764, 66,16”66716111,6· 411, ”W 641, ¹7· 661, 4

6. 116, 9 11. 901, 7 6161166 123, 4· 410, t
1111061, 4 1,,1.7,,·,,71,,,,·,ι,.1 66010100, ς. 77,, 1
11110659, 5 len. 0176, 84, 1 11601 67, 4. 941, 3, ⁴³³³ 7,
1411016111, 7 · 1111111771. 8 5761, 765, 1
111111 691, ς , Levium 971, 1 1611111417, 4. -797, 1
11111158, 3. 477,6 111101190, 19 . 6111601411,
6011661797, “ leviora 164, 5, ς49,4 6611111601708,1
lento 116, 6. 7761. 861, n leviore 151, 3 6616106447. 6
1111604194 1111161, 1, 77, 1. 98, 1, 11616100111466, 19
616· 2³²· 6· 647, 1 ¹9¹, ⁶· 141, s» 485, 4· 6661661177, 2
¹²⁰9324 . 2⁰¹» ¹¹· 706. 1· 34018 ¹¹b¹d⁰ 9⁸2 4· 5²¹·3· 5⁷8.8·
leonem 1467· 17616747 1111618717 ,6,91, 4, 717, 8· 840. ι
1001111109, 4. 949, 8. 471, 11111196, 5. 866, 19 11611111 891, ¹3

7. 483, 7. 917, 5 1111611161 999 Libitinam, 10
leonium 166364, 8, 41, 1, 857, 8. 1616169694
1100601456, 9 898, 1 1160 711, 8
1101111 69, 5, 171, 7. 354, lex operis 884,1 1166168191

11. 777, 1 1111101111 790, 1 11611565. ς. 866, 16
leonum 91, 9 1161171, 6 1161116111 111, 3
lepido 896, 6 16116197, 4 librarius 903, ¹3-
szidum 816, 10 libat ³7⁴· 9 libris 6091. 616, 3. 698, 11.
111006140949919517, 1161164791 ⁸⁵¹24 861,11

5. 611,4 libellis 550· 6, 7894 -11610111111785,7.817,8 - ¹

1110101797, 9 1161110 611, 6. 717, 9 libros 114,9. 987, 4. ⁸30» 3.
1170166766 11611101 790, 11. 6094 “ 8595

hymmum 66667 ,6716167161 666077666616116
“ Y 7 9 1161111111

 

