cINDEX

6161111 1586 . 1811111557,5 1111111577,19
1111176619 1111116516,5 , 111111 11,1.764,6
exenium 1111111176, 6. 897,6 1111 5,1. 86111174,
1111111 787, 1 excipere 561, 6 12
evellere 766,1 exciperet 666, 1 111116 69, 7
1111111581, 5. 559, 4, excipiunt 791, 1 11111616 195, 4
evertunt 886, 1 excipiebat 111, 6 11111111175,1. 555, 1. 494,
11111111 858, 9 ’ excisus 157, 1 11
111161, v. 116 11111111494, 16 11111111 161, 5
lvii· 546, 8 1111111651, 9, 719, 4 exitur 598, 5. 418, 5
evincet 111, 1. 661, 6 excitetur 491, 1 11111 891,7
1111111515,16 1111111111 519, 1. ς85,1 1111111111868, ς
1111111 5, 1 11111111851, 1 1111111111 666, 6
’ Ὲ111171,1.199,8 11111111111,6 116111714,6
Eumenidum 203, 1 excludit 899, 1 11611, v. exsurx
11111165, 4 1111661669, 7 expalluit 745, 6
euntem 515,1 11116111 114, 4. 597, 3. 665, expavit 141, 5
1111111 xuni 858, tx 5 1191111611 865, 6
111111111161 11161116· 6664 111611644, 6. 758, 1 expectant 557, 6
euntium 441, 9 1111111417, 6 expectaturi, 6. 759,11
eune 230, 4, 6 11111111 569. 5 expectere 817, 15
evolvere 546, 8 11111111765, 8 expelle 566, rt
lupolinsm 111111111776,7 11911111481,1 ·
Eupolis 544, 1 1111611761, 5 119ιά111555, 6
’ Έωο 115, 4, 515,,5. 987, 1111111111 646, 7 11111511165, 5
6 11111111547, 15 ,
6110415475. 5,,,15 111111111191, 16 expedit 181,5 -
Europen 154,8 11111111481, 4. 464,1 11911111446,5
11111111,1.586,5. 465, 111116564,4 1191116564
5. 4861 · 11195591 11911111189,7
Ἑινοψι 7,1 11161111797, 4. 816, 5. 854. expediunt 581, 14
111111111111, 1 1. 966, 11 expellar 775, 9
evulsis 165, 7 exemplaria 896, 1 expellet 656, 9
1111111615, 4 1111119111 955, 6. 841, 9 119161111859, 11
eeneii· 856, 7 1116916169, 1. 656, 4 expergisceris 799, 1
‘ 2¹²⁶i⁰5¹524 ' 1111191111568, 19 experrxr697,3
euticetem. 5191 ⁶¹tmi’lum407210·⁶4⁸29 “3¹3³ 3071ι
1111111 968, 6 “emim 87¹, ² ‘1W25l29· ι8517
exagitent 698, 5 “emt 790. 3 117111161111714, 86
examen 154, 5456, xo. 816, exercet 417, 1. 456, 3· 7761 1191111595, 9
11 . 3 1141111141 ,1
1111111111 611, 5 11111116464, 5 11911111 frugi· 911, 88
11111111 816, 6 exercitur 76, 1. 814, 5 expetentem
exanimari 1991 exhauriebat 446, 9 expertum 911,9
111111111119, 5 1111111, 61161611 11411111 19, 6. 975, 6. 815,
1111111111 554,15.847,4 1111111 518, 16 15
exanimetur 511,6 “fili 411, 9 114111, 11111911
exanimet 761,7 exigitur 558, 1 1171111467, 4
Silili& 1. 311111111ῗί1 ‚rint ‘cimil
1111111111 815, 8 1111111187, 4. 176, e' expieris 148, 1
181111111448, 1 11181677, 1. 869, 88 11711111451, ro
excepit 461, 6. 5 55,5 1119161178, 11 expiravero 541, 11
exceptum& 6111167185 11111178, 5 -
11119169111775,6 1111111161111, 5. 756,6 1141111788, 15
4111116585,16.819,1 ’ 1111111111.491,8 «4111116695
exceptum 91 ,1 · exilit 761, 11 1171111111554. 8
mesple„ 9 1111111111 161,4 814116111469,8.656,ι
1114111 , 1111111... 111111 ·

 

