113111 3931. 731, 1, 3. 769,
1. 893, 13

6191111498, 3 ’

sequemur 417, 10

1191111111 306, 1. 314, 7. 376,

619611111906, 3

stqum 8⁶2, 8· 882, ς

ωωωιωι

“ sequerere 6339

sequeretur 387,3
sequetur 163, 3. 1118, 6
{equi 64, 7. 93, 6 341, 8.
773, 4. 861, 8. 866, 3
sequitur 311, 3. 7119
6193111363, ro. 393, 8. 616,

INDEX

6111111111 7 31, 7 611111 193, 3. 846, 3 ⁸

11111111391. 313, 4. 334, 6111111819, 1. 891,14
3. 731, 1. 736, 8. 813, 8. 6111111, verb. 73, 1
879,9. 911,11 6111111811, 11

61111111 86 3, 6 severum 881, 6

6111111 913, 11 11111111 131,7. 469, rrum
wmuwuwmfflmr
1. 811,7 · 611111111311,4
61111811 863, 14 8111111, 1
611111498, ro. 333, ro. 778, 8116197393
umumz wwmr
6111161991 ubi 136, 3.171. 5· 116. ¹·
6111111399, 3 3118, 11. 311, 3. 319. 11
61111111633,7 313, 1. 318, 2·- 311. ⁶·
111111111413,1 341,11. 33413· ς11171
6111111137610. 399,1 376, 11. 377,1ο,111.

· 11111 16, 6. 134, 1. 739,1. 611111 311,9

1191111111 378, ς. 913. ς
61111441.188,4.197. ⁸
8111133, ιο

retenuit 876, 8

sereno 111. 6· 477. ¹· 6771

61111 ³35· 7· 1111

6111 {rumorum 6ο3, 1

seri· 318, 7. 6361. 881, 6.
88619· 98315

8111111 114, 4

1111111439, 1

serien 361, 1. 8941

{mut rum

61111111 348,11. 663, 3. 681,
4· 89918

sermone 336, 9. 601, 3. 638.
ffifflfflffi*

1111191111877, 3

sermones 137, 3183. 3-6341

sermoni 348, 3, 11
1111111111313, 9. 6911, 13.
841,.9. 8611, 3. 879,4

1111191111 381, 6
Ι 6111161111746, 1. 878,4

serpen· 141. 4· 1111

&mmm

1119111111 141, 1. 389, 6. 874,

1119116111 Afris pejor 711,

sertertium 418,6

611ρὶ161111 873, 6

1 1411111691
111,11116. 64313

servabis 783,6

6611867448

1111111111 911,3 . 1 ,

ι l'

813,8 8111311111 496,1
611111 798, ς 8111181449, 3
furetur 183, 1 1111161369, ru
81111611,8 8101114913
6111111136,4 6616113434 ’
6111111114,1.774,14.891,6 1111119 ,9
6111817143 ficetum
61111111 443, 3 61111699, 3
1111111611 3894 61111111 1338
8111197136 · 6111143411
1111111481,4 fieti 386, 1
611111461, 4. 6311, 3. 789, 61111 18,1.73, 3416131

11. 8638 671, 3. 819,1
611111, verb. 7119, 11 fictor 334, 11
61111188, 3. 371, 3. 773, 3 6111116149. 663, 3. 814. ²
servitiu 691, 1 8111111147
struitur ¹⁸3=5 v 8111111181. 14114
811νὶ11617,9,633,1 ‚ 81111111“38ο,4
1113111,118.313,11.709,10. 8111111741, 13. 834, 1. 911.

uem 11 .

611111111841, 3 8111111719, 1
servor 311, 7. 331, 3. 366, 3. 8111111111111 19411

376, 3.397,1. 648, 6, 61111467,1. 308,11

⁶mmmr fimrrmmwu
61111111 76617 141, 8. 181,1. 448111
1111111.ς·61.1·81ς.6 11111 4111· 51117
servum 337, 7. 73611, 61111144, 1. 196. 11
servum prcuussrm 6111111111 439, 3. 499,6
servus 663. 8. 763. 1· 109. Sidonii 416,7

1. 739, ro 8111111 773, 11
1119119111111 18111886,8 fidu· 33, 1. 398,1. 418, 131
6111111863,3 463, 9, 491, 11. 384,
1161111887,3 ι
1181161766, 6. 838, 8 631111868, 6
611141111181111. 631111411117111118143
1111114891 63111311 631111 697, 1
scrofam 314,6 figur 181, 7. 196, 3. 363,
111411161619, 111. 11. 411, 3. 461, 5· 57.

, 6111118819 7. 67ο,ι.813, 13. 34,

1111111 141, 6. zm 1

aa

 

