119333339331110313113131.

mumma

3333393133 335, 5

purpurea 701, 19

purpurei 171, 16

31131111· 1633

purpureo 366, 4.151,5,
714, 6

311333391343 63136 Ρ91113,11133 33
3331133331. 3· 133. 3

9313111333 6, 3. 653, 6
11111111 676 ¹5

putus 63136166, 5
pua 563, 6

pnsum, videpupum
9311111333, 3311119391111111
71111111 546, 6

1111141643
puta 65
putando 54364·
3311131131. 1
putaret 770, 8
93133131 649,7

933315353111116613.
4. 666, 1737, 13. 354, 1016676634·

319761 3 637, 5
53313613 669,9

3. 66,7
34111113. 3 36314
9311133613,15
9111331696, 4. 619, 1
9313133659, 33. 695, 34
3161111113
931313639. 4 ,

31441133· 1161· 4163.
333. 1· 313. 9133. ¹ 3

3441191143 ⁶²8²
91113113 695, 3
9111331136 3,3
9131333136 5, 19. ⁹¹7⁸
· 161ψῖ9617
93131331456,1
putidius 645, 3
60111776 6
34143113
putrescat 649 14
9313661655, 7
93113116791
1166916, ·
1911311355, 4

7111 4113 4
991331139559, 1
99193111, 311113911111111111
6111131611, 43
Pyrrha 9,3

1933133 535,

- 9336113333156, 7
93133615, 6,.5 655, 13. 646, 933111393363 736

.9,,7646.8ο6,6

79331313 765 6 9331133136.5411,131357,
Pyrrhum 279 5 14 6,55 1. 663,5
Pythagora 478, 91. 696, 9311113173,3
34 qua· 1333317946
9316331346, 3 · .
> 911311116- 6, 6 -
· 9333131133 5695
· 93313311 539, 5. 700,ss -’
9331131313 31199915 ·
quaefiv ete348,9
qnae70806‚7
9131133561, 7
9331131 5619, 5
-9133111136 95, 39
91311,,3901 445 5 um.
639,1.6 663, 3
31119 3711 173· 131.
1614

Pythago 11313671,
5.,Ρ9111396333655 5
1191111399, 19

1191131313 66 3 9

Μ

Q .

1133311933 5794 576,
Q 8 93313156395653,4 »

quadra 807 6 93311536, 6.575,5,6.677,4
9333133313 543 4647, 6 9331113699μ3 7¹4 3
9313113313 161331133111131 7337 qualiacunque 633, 3

31 9331633599
»·9113111534, „. 363,5. 416,
13 1146 ¹465 1. 11· ,
79011
9331135691
6111ἳ11111 5501 4· 59713· 1961 611011111646917

3 9353131361,3.1ο6,4.364.
queramus 508 › 3399333611170.
quarat51q,7. 749, 33 · 3. 31345943. 513,
9311113154,,5.635,6.754, 3619791161, 7 665,
, 11· 3111 1331113.

16603114

9331113513 336 5. 779, 4

9333136393 565, 3

313161· 331. 11· ..313 s· 3331131. 1 1131113. “

771 9
quaerendi 5¹87· .575,5

1,594,5.196,13,111,
708, 34

= 91331331 341, 3. 591, 7. 639, 9333137319331113931111313334,
ἶ 9361361668363,6

3. 615, 6. 331, 6. 735,

9313133133 551, 5 911311613393317,66 4 6333,

quaerenti 93, 3. 7195 6

9333333596. 191,.4 536, 933313333514,3 5691,
3316311313131. 101.

· 6·ξ4037·7641 113153 quanqum 113, 4. 335,
· 4 593

1.393,13.13,6. 315,

911ε337ο6, 14 8. 596, 4. 15, 7. 643,

9333331956,1.476,4·766, 6

93311313 83, 8· 194, 6, 4413,
5. 467, 11. 561, 7 696,

9161931996, 9. 696, 6
1113111363. 3 3161· 724· 1 .

3. 773 4 9313313133 619 4
quoerit278‚3 555, 5,3 564, 9313137453

’.1 467.. 4. 5199, 7333, 9.131311164ο,13

13. 366,5. 631,7, 887, 93331311 76, 9. 6593111. ’

35. 6665 , 9333116411317793
913311111463, 3

9331139759, 35

. 9333113416, 34
9331113531,7 5196. 546,
11115 .- . 8.

 

