8

INDEX

4446455, 4. 494, 4 4664848649. 865, 45 46644666, 4, 707, 4

atroeem 454,4 4464446 6ἰ845, 46 ..cmm 952 4

66684’4’44”4”645ῗ4. 845, :88:857321317999. 866, aget ”’ ’,’,”’ ”]””

48863899]ῃί 883888332811501 44, 846, 6646666646, 6. 300, 5 566,

5455454445, 8 ¹ 9 846,4. 854, 44, 966, 44. 449, 1‘. 844, 46844,
44445, 4

. 4844464444, 4. 444,4 44464 499, 5, 6. 5079.'7555'8u⁶8‹13958³.2¹ ¹.

4444444644, 44 ,

444464464645,5 6.” 887. 4 Aufidum 398
attentus 854, 44 4446444 546 3 ,866644νὶ614444’566,’4. 444,
4444444846, 7 6446444 48 8 5. 544, ι
444444444849,5 ’ 446444 496 44. 544,4 4454 465 44 ’

44444444 466 8, 464, 4 audiendum 370, 9 46544464 re 864 2

“ attenua 449 5 466644466444 ,4 augur 12 58 545, 4, 5944.

’6666666ῗῖ 895, 6 '8:8833896‘8’ 5’.’446, 9 44ἓ6645’4’6,’5’.’ 5’4ὀ’,6
2666646466Ϋῖ :93555591693'9 ’5’, 664, 6 ’66’5684”’4’8’, 78 37o,7. 58,
4444544454, 1 4446644458, 4. 258, 5. 544, 9..444,4 ..4455 4.98,6
animatum ’ 4. 646, 2· 728. 8. 468, 846 56,66484 4
utimum 8 839. 44. 865, 4 8454664454, 4. 464, 4
4444444554, 8. 4455 4664444 549 4. 8⁶91 nvi, 6664 65, 5
4464458866, 5 4446444 866 8 avi.ge·ie.517,5

attonem. 6. tollen· nudi· 97. ’6. 494, 4. 548, 4446646 6.]6,4 8793
4446646868, 9 6 549, 4. 694, 4, 494, 44ἱά d⁸530. 9
nwn8m9328.5 Ι 6 :vid 44 595, 5

mrem, 1 undu,¹ 4.44644464444,4 44466 584 5

444444 464 9. 454,4 4446464 698 4. 465,4 nvi817,7 5
4444464 866 44 tutin... 5, 485, 9. .545, 48νί4846ῶό49, 5

. 4444444544, 646,1 7. 964. 458446,4.55, 4.466,9 tvi888109, 4
6 4641844459, 4 4446444584. 14. 566, 5

4444464444, 5 4468644995, ,68ι’, 6 uvidum 456, 4
avaritiam 544, 4. 545, ,44 4466464458, 4 ’ μ 444644,464,4 654, 44. 888,
mro 558, 4. 454, 869, 46 6.6464844 4 5

9 4664464444 886 4 ’ 44444 94 4
..4444445444 4668664666, 6. 886, 44 4464, 46444444. 946, 4..469,6
ικωυιῦωωιιωςςιιῦ 4464464πῖ 4. 46644 9²⁸ s 4444. 6464
· 654, 4,5, 446, 44 866, 4464844444, 4, ,444945649444446444ι444489

44. 844, 4. 84446 4 6644464949, a . 5 9
”⁹⁹ ⁹⁹ ¹ ⁹¹⁹⁷ 888.⁵.¹.³’.⁹. ’- :8:2⁷⁶ ξ.
:u88:³82,²’5.108.7.']272, mn'889,3 , [5, ’.4648445’9ς,’ 5

4. 54,6. 5. 648, 44444466, 46 . . ,46464544

5.44,9.84 ,7 848, mutet 464, 44.. . nium 444, 6. 586, a. 444,

44666464984 ” mxima, 44 ’ ΙΙ46644444, 489, 44486,
4466444584. 544,5 484444ιί6464564,9 54, 46, 444, 5
444 64444554, 46 · Avernales 6,4 46449 4 ’
46864 546 46 · 45555594 46 ⁸ ¹ 461554 449 4. 4464848, 9.
:mfflzzfim- 508,:7911111132883853’l ¹ 4616465ἒ44 · ,

10 4464644649,’4 ’ , aulam 388 5. ’448,’5’
44644448, 8, 46. 54,.5 ..465 4444946455 ,44146545
. 8, 344, 8. 646, 7. 857. 4444484844, 8 ’ j , 8111189656,5 4
¹ ¹8- “⁴2⁹2⁹⁵⁹··⁹ ⁸⁹¹ ‘18:888'3. ς. ...ζ 28:³88... .
44466644. 6.· 739. 9 ²718.9⁰·’·³³ 4644 45 .9ο, ⁹85’183, 44.

4544444556,4.649,8 44444664, 5544 558, 7. 5689 444, 9

⁶77. 4

 

