vectationem 0111111111. ’

11611111

Aristippi 716, 4. 814, 7

6116996111 865, 1

Aristippus 648. 6. 864, 4

1111115976

6666961611544, 1

Aritia356,3

111111 115,1. 151, 3, 611.
118,1. 169, 6. 517. 8.
611916611
667, 5. 711,6. 861,5

11111111816,5

1111111879, 1

6111111111 185, 1'

6111111111 755, 5

1911111119, 1. 1897

1111111111 154,1. 768, 6

111111 611111 916116111ὴί1 56,
2 ,

1111111 155, 6. 168, 5. 188, 1.
416, 4. 5595, 661, ιο.
714, 4. 81914. 8171.
881, 8. 898, 7. 9ο5,9

111161 578, 3. 676, 6. 711,

1111111111 15194

1111716167

1111911591,5

Arri 647, 1. 6699

arrident 886, 11

6611116143

1111916569

”tiit 1614

11191116194. 914,11

mmmmm

111151111197,9

1115116418, 7

²¹¹3& 6751 8· zm, 8⁸²2

trittit 59ο, 1
arsisse 476, 1
116181 189, 6

1411111419, 5⁶5· t.
'‘³²³59‘3215· 15198. 5111, 7.
1111. 74416. 854, 5.
3111. 375, 9. 8991.
”timiam 71718· 1101
’8161161111116755
’6111616118111161
'¹¹⁸⁸ 818, 8. 411, 5. 576, 4.
75014· 75916. 818, tt.
344· 6. 8541 ’
’68161 81611

²¹qu ⁶82, 5· 85814
116111617994

’ 1611116119111111 141, 6

1168911567, 1ο. 794, 5. 414,

11116111, v. 11111111

11116111 177, 6

11111561, 9

ana 111. t)- 161116 184.
11- 1111. 7⁸2, ¹4

1111861, 8

arvis 451, 8. 768, 6

arundine 661, 4. 676, 4

1111111586, 4

1116796, 1

1111111596. 353, 7· 7⁶⁶»

113654, ιο

Asdrubal 379.9 ’

Asdrubale 581, 1ο

1616ο849,7

asellum 5¹3· 5. 817, 7

1616111 inique mantis 495, 5

661111161· 1411

1111151411

Α611111781,1

11691611 588, 11

16911151, 5. 76148. 887,
11. 891,4 “

Ι’16688818 931 i· 73717·
818, 5. 8649

1169161156, 1

16911161 115, 6

1611111 foret 191, 1

aspergere 551, 1
169111666111381 1
1691111446, 5. 456, 5
asperitas 809, 6
asperitatis 841, 1
1691161111 454, 9
16911111 777, 8
1691111146, 6

, aspexit 767, 5, ’11

1691118ο5, 4. 8194. 846,
. 861,

aspicere 686, 1

aspici 8ο, 6

169111111698, 11

aspiciat 796, 6

aspicit 111, 5. 461, 6

16911111891, 1

61111111 474, 1

111611111591, 5

assem 59916. aaa, 11. 961,

1611611111 919, 5 Ι

1666111651, 1
1611111511, 11
*8886884381 5· 45²2 8
1611174916

16811494, 11. 541,4. 671, 1611114765

1· 1161. 19916

1651111818, 6

16615711. 675, 6
1611 1116111111 elixa 6591
1616ο 579, 1

“ 16111618, 4

1611111654, 9 .
assuetum 611, 6
1611111874, 6

1611111111 711, 4

assumere 514, 11
1165111191, ιο
1111716111, 11

11671111 881, 4

²st 4791 ²· 581, ¹· 586,4

1611579, 4
1111111111, 5

16115185. wat· 568,
7· 111111. 70⁶·3
1111411..)
asttiiioSa6‚9 ‘
1611611111 186, 4
1611191111477, 5
1611111111, 3. 869,1
1611116547
1611165566
1611116846
Atabulus 566, 6
Atacino 616, 1
atavia 1,1 '

ate8t62072, 4· 34529· 4372&
6611111859, 1

,181111111861,9 · ,

Athenis 511, 7. 714, 7. 85ο,
11111111ω11859,1
ammentum ,
Atlanticum 120, 1
1111111ῐὶ141, 1
1151749511711 star
1111114, 1. 145, 8. 5571.
4611· ,6811 7¹²‚9
atta fita trium 1111611111 161,
11111 1ο1, 6. tom
atramenta 851, 11 ·
atras 161, 5. 565, 5. 656,1
61111111 45,7 ·
6111111111 746, 7
61111111 164, 1
6111118894
πῃΞ7Ῑ913
militis

,811161 763, 9
1111111651, 5

11111119, 8. 45171. 6166.

160141 80917· 82617·
91ο,8
1111111144, 6

atro

 

